500
0.000000 7.584713
0.000000 7.584713
0.000000 7.584713
0.679437	0.833325	0.824607	1.000000
1.417973	1.582148	0.788490	1.000000
0.574833	1.598625	1.569875	1.000000
1.448294	0.919393	1.625575	1.000000
0.706206	0.822143	2.309757	1.000000
1.447000	1.667851	2.339424	1.000000
0.670575	1.581005	3.023601	1.000000
1.465031	0.877059	3.045350	1.000000
0.774609	0.824192	3.784872	1.000000
1.473271	1.602553	3.745962	1.000000
0.693138	1.541865	4.620562	1.000000
1.504307	0.897193	4.569509	1.000000
0.747205	0.828009	5.341901	1.000000
1.530105	1.621972	5.321077	1.000000
0.669298	1.594221	5.988274	1.000000
1.424240	0.792986	6.077113	1.000000
0.626437	0.916076	6.792555	1.000000
1.458215	1.522244	6.918321	1.000000
0.673602	1.559390	0.013779	1.000000
1.360899	0.817165	0.077316	1.000000
0.637502	2.340624	0.783176	1.000000
1.506824	3.102315	0.778429	1.000000
0.645582	3.035203	1.509257	1.000000
1.465328	2.376678	1.540033	1.000000
0.694339	2.358394	2.282086	1.000000
1.415862	3.095763	2.289777	1.000000
0.675409	3.087571	3.047062	1.000000
1.413864	2.379615	3.062425	1.000000
0.674113	2.277318	3.771979	1.000000
1.365450	3.039922	3.851946	1.000000
0.706114	3.137306	4.646500	1.000000
1.508286	2.354274	4.623207	1.000000
0.689975	2.318811	5.288706	1.000000
1.447520	3.041825	5.377385	1.000000
0.691110	3.117580	6.060518	1.000000
1.472979	2.286137	6.101276	1.000000
0.766175	2.272899	6.862827	1.000000
1.506082	3.025679	6.831760	1.000000
0.672109	3.047099	7.576370	1.000000
1.501668	2.326265	0.047944	1.000000
0.701225	3.883301	0.781019	1.000000
1.459796	4.666322	0.784545	1.000000
0.688327	4.642948	1.524369	1.000000
1.427820	3.919025	1.483769	1.000000
0.706490	3.831462	2.223126	1.000000
1.466414	4.596772	2.245746	1.000000
0.603108	4.679071	3.063197	1.000000
1.426810	3.880325	2.971274	1.000000
0.764631	3.853769	3.742012	1.000000
1.437849	4.635718	3.840192	1.000000
0.724387	4.579761	4.551026	1.000000
1.447098	3.859832	4.598370	1.000000
0.688452	3.877467	5.397723	1.000000
1.510060	4.566962	5.323768	1.000000
0.643485	4.654587	6.075172	1.000000
1.450121	3.909885	6.111452	1.000000
0.745933	3.793215	6.838455	1.000000
1.492053	4.659586	6.840801	1.000000
0.708086	4.597971	7.521315	1.000000
1.459723	3.724492	7.575619	1.000000
0.613833	5.300947	0.723690	1.000000
1.542603	6.007454	0.792169	1.000000
0.723052	6.129942	1.507896	1.000000
1.433744	5.382325	1.598832	1.000000
0.625428	5.321649	2.264225	1.000000
1.540828	6.089844	2.304250	1.000000
0.807557	6.086951	3.025329	1.000000
1.505590	5.371368	3.091489	1.000000
0.676982	5.361892	3.832954	1.000000
1.542959	6.113369	3.801832	1.000000
0.710394	6.204595	4.593219	1.000000
1.441646	5.385869	4.542875	1.000000
0.668641	5.478136	5.347726	1.000000
1.413644	6.164518	5.369101	1.000000
0.681417	6.124495	6.110849	1.000000
1.493428	5.348395	6.045309	1.000000
0.721519	5.360767	6.781183	1.000000
1.414378	6.121235	6.794028	1.000000
0.720638	6.109977	7.546953	1.000000
1.449588	5.392977	0.006518	1.000000
0.722130	6.873453	0.797448	1.000000
1.375346	0.109992	0.841290	1.000000
0.663660	0.059195	1.553525	1.000000
1.457747	6.831520	1.548242	1.000000
0.770491	6.858641	2.309111	1.000000
1.493877	0.133238	2.304463	1.000000
0.821212	0.076323	3.043770	1.000000
1.497723	6.851377	3.043181	1.000000
0.756441	6.915480	3.729990	1.000000
1.464901	0.030862	3.838631	1.000000
0.791605	0.178386	4.579148	1.000000
1.487147	6.877580	4.567585	1.000000
0.677707	6.928961	5.356008	1.000000
1.473783	0.069245	5.361437	1.000000
0.721515	0.048372	6.204159	1.000000
1.434889	6.882188	6.113631	1.000000
0.738568	6.893255	6.913233	1.000000
1.469221	0.096362	6.924717	1.000000
0.650030	0.096811	0.056605	1.000000
1.446803	6.954438	0.084939	1.000000
2.162844	0.842980	0.773507	1.000000
2.951707	1.569428	0.758699	1.000000
2.217170	1.611621	1.575840	1.000000
2.955297	0.858033	1.567216	1.000000
2.249836	0.810930	2.314871	1.000000
3.040431	1.567501	2.321116	1.000000
2.274066	1.510295	3.062680	1.000000
3.042940	0.761784	3.016676	1.000000
2.271118	0.843213	3.835964	1.000000
2.967652	1.717910	3.841069	1.000000
2.243196	1.628604	4.564519	1.000000
2.979779	0.791367	4.572849	1.000000
2.171313	0.832449	5.365414	1.000000
2.884151	1.597291	5.339379	1.000000
2.179081	1.546670	6.120104	1.000000
2.931618	0.809787	6.081011	1.000000
2.237347	0.781549	6.884045	1.000000
2.972933	1.578762	6.833909	1.000000
2.244036	1.559703	0.024510	1.000000
2.966383	0.788547	0.063652	1.000000
2.189123	2.311968	0.788882	1.000000
2.981985	3.050586	0.775387	1.000000
2.231470	3.067293	1.497667	1.000000
2.980349	2.403708	1.567944	1.000000
2.214482	2.370566	2.261399	1.000000
2.935911	3.071534	2.331914	1.000000
2.158036	3.065900	3.002385	1.000000
2.882978	2.337002	3.030460	1.000000
2.164815	2.375705	3.821668	1.000000
2.895401	3.107997	3.859423	1.000000
2.190918	3.127657	4.695844	1.000000
3.005482	2.417536	4.611921	1.000000
2.209421	2.377586	5.381773	1.000000
2.994045	3.067403	5.409153	1.000000
2.273950	3.035108	6.135898	1.000000
2.945252	2.287137	6.124406	1.000000
2.230384	2.319350	6.867775	1.000000
2.961812	3.112043	6.881982	1.000000
2.197504	3.044691	0.020708	1.000000
2.992811	2.283716	0.006286	1.000000
2.214600	3.870071	0.853892	1.000000
2.928707	4.570906	0.734735	1.000000
2.275394	4.559388	1.597897	1.000000
2.970811	3.767040	1.502596	1.000000
2.189791	3.819525	2.295460	1.000000
2.964674	4.518697	2.394353	1.000000
2.158045	4.589789	3.002196	1.000000
2.906514	3.773038	3.062030	1.000000
2.107616	3.862637	3.814606	1.000000
2.868625	4.520702	3.729901	1.000000
2.181868	4.547506	4.578342	1.000000
2.975401	3.784463	4.601263	1.000000
2.212244	3.836497	5.430769	1.000000
2.904208	4.572096	5.331196	1.000000
2.247440	4.587375	6.111716	1.000000
2.908905	3.819734	6.171386	1.000000
2.182821	3.762758	6.871033	1.000000
2.893141	4.644869	6.934675	1.000000
2.162131	4.613726	0.073683	1.000000
2.861025	3.833399	0.032885	1.000000
2.304939	5.349260	0.841765	1.000000
2.921595	6.177612	0.825972	1.000000
2.231622	6.103790	1.550829	1.000000
3.050517	5.346731	1.643063	1.000000
2.218983	5.355391	2.229939	1.000000
2.937394	6.150603	2.289642	1.000000
2.256376	6.070111	3.022778	1.000000
2.985837	5.305522	3.094718	1.000000
2.216503	5.322038	3.810166	1.000000
2.919175	6.037356	3.828742	1.000000
2.219645	6.034689	4.558111	1.000000
2.968559	5.312417	4.594751	1.000000
2.193504	5.372382	5.308420	1.000000
2.919370	6.099918	5.378584	1.000000
2.222758	6.146051	6.116755	1.000000
2.970278	5.286222	6.094271	1.000000
2.164675	5.405178	6.856622	1.000000
2.904060	6.164699	6.921760	1.000000
2.219451	6.260785	0.083451	1.000000
2.908324	5.373784	0.035186	1.000000
2.139924	6.946968	0.813330	1.000000
2.971483	0.010394	0.817960	1.000000
2.242691	0.074808	1.553920	1.000000
2.944297	6.900552	1.561695	1.000000
2.194026	6.919951	2.227898	1.000000
2.932188	0.007273	2.305705	1.000000
2.189297	0.002819	3.082044	1.000000
2.930166	6.868424	3.009103	1.000000
2.247963	6.829776	3.825662	1.000000
2.945467	0.070000	3.844964	1.000000
2.183025	0.143133	4.640674	1.000000
2.926610	6.933393	4.633354	1.000000
2.235278	6.844074	5.374333	1.000000
2.944783	0.095067	5.308277	1.000000
2.274602	0.034196	6.082558	1.000000
2.991568	6.856881	6.107807	1.000000
2.233877	6.954339	6.924148	1.000000
2.996607	0.042539	6.884533	1.000000
2.192685	0.131482	0.071014	1.000000
2.989678	6.949163	0.051398	1.000000
3.689516	0.824146	0.795789	1.000000
4.479813	1.479879	0.762988	1.000000
3.780866	1.542937	1.517179	1.000000
4.517042	0.796785	1.554575	1.000000
3.758350	0.782196	2.227101	1.000000
4.543791	1.532139	2.341518	1.000000
3.708738	1.559640	3.136859	1.000000
4.463863	0.754535	3.054061	1.000000
3.750708	0.779524	3.869072	1.000000
4.572745	1.609972	3.827990	1.000000
3.701857	1.607120	4.595851	1.000000
4.505643	0.818084	4.565128	1.000000
3.734429	0.816106	5.291017	1.000000
4.512472	1.597284	5.351345	1.000000
3.704399	1.472258	6.081805	1.000000
4.471808	0.780918	6.149789	1.000000
3.660009	0.830676	6.851746	1.000000
4.491976	1.586069	6.836241	1.000000
3.709338	1.551455	7.571799	1.000000
4.437297	0.818725	7.540262	1.000000
3.762070	2.253472	0.739837	1.000000
4.415618	3.096011	0.771924	1.000000
3.718780	3.097435	1.505827	1.000000
4.489501	2.330650	1.534083	1.000000
3.754992	2.390136	2.281594	1.000000
4.565122	3.069442	2.259335	1.000000
3.676711	3.060055	3.037379	1.000000
4.433248	2.337896	3.096153	1.000000
3.757376	2.402756	3.831633	1.000000
4.506252	3.112138	3.888014	1.000000
3.747650	3.127791	4.540861	1.000000
4.455010	2.290576	4.612598	1.000000
3.706083	2.357582	5.476289	1.000000
4.375106	3.096402	5.361593	1.000000
3.762006	3.184151	6.175242	1.000000
4.506163	2.342579	6.085285	1.000000
3.691106	2.301287	6.858939	1.000000
4.491826	3.104906	6.870355	1.000000
3.720896	3.015222	0.006686	1.000000
4.550484	2.285880	7.570454	1.000000
3.681455	3.810385	0.719615	1.000000
4.468840	4.553072	0.833040	1.000000
3.745663	4.475151	1.530358	1.000000
4.508950	3.829660	1.582978	1.000000
3.750063	3.851724	2.331148	1.000000
4.539978	4.668892	2.315583	1.000000
3.836465	4.630726	3.078738	1.000000
4.499269	3.824031	3.090223	1.000000
3.737250	3.910345	3.786854	1.000000
4.534554	4.553549	3.828017	1.000000
3.717442	4.584560	4.537654	1.000000
4.473032	3.830690	4.587064	1.000000
3.642615	3.858736	5.389714	1.000000
4.548021	4.525664	5.360864	1.000000
3.687483	4.580098	6.108809	1.000000
4.548221	3.864563	6.136958	1.000000
3.623642	3.915246	6.873477	1.000000
4.487710	4.643854	6.818051	1.000000
3.684349	4.572708	0.061648	1.000000
4.388777	3.818219	0.010255	1.000000
3.648420	5.438499	0.812929	1.000000
4.466068	6.168494	0.831524	1.000000
3.703188	6.200682	1.547114	1.000000
4.408276	5.417952	1.566476	1.000000
3.781167	5.415709	2.359202	1.000000
4.609664	6.140868	2.323205	1.000000
3.691716	6.122242	3.072985	1.000000
4.496120	5.429524	3.108867	1.000000
3.748531	5.365029	3.907495	1.000000
4.483546	6.138775	3.837733	1.000000
3.639659	6.093687	4.662422	1.000000
4.540200	5.299447	4.573962	1.000000
3.774486	5.232999	5.342427	1.000000
4.429561	6.074827	5.330589	1.000000
3.715126	6.012519	6.093663	1.000000
4.547371	5.370005	6.068599	1.000000
3.741749	5.352728	6.903016	1.000000
4.505925	6.120934	6.874781	1.000000
3.637153	6.136409	0.055668	1.000000
4.401190	5.441902	0.110502	1.000000
3.722475	6.881918	0.753988	1.000000
4.474082	0.028229	0.752262	1.000000
3.767857	0.037651	1.509104	1.000000
4.505168	6.936682	1.607766	1.000000
3.761249	6.969022	2.347240	1.000000
4.496884	0.079468	2.305103	1.000000
3.749216	0.045784	3.099856	1.000000
4.494941	6.937759	3.096937	1.000000
3.772711	6.887719	3.869569	1.000000
4.467271	0.027424	3.854355	1.000000
3.674929	0.016390	4.595557	1.000000
4.456479	6.927639	4.598801	1.000000
3.699179	6.935288	5.343815	1.000000
4.500787	0.158638	5.328360	1.000000
3.708228	0.103411	6.050273	1.000000
4.542854	6.901746	6.137735	1.000000
3.749988	6.830738	6.828462	1.000000
4.403711	0.029536	6.839872	1.000000
3.750956	0.080601	0.020908	1.000000
4.465091	6.837962	0.030554	1.000000
5.207869	0.746463	0.688806	1.000000
6.040037	1.594591	0.728575	1.000000
5.195733	1.566477	1.494438	1.000000
6.019278	0.898208	1.478124	1.000000
5.306056	0.888249	2.221963	1.000000
6.069782	1.554988	2.335131	1.000000
5.278186	1.472487	3.045180	1.000000
6.067696	0.801698	3.013612	1.000000
5.158857	0.782481	3.801065	1.000000
5.961974	1.501476	3.801079	1.000000
5.279130	1.588825	4.557593	1.000000
5.958297	0.769913	4.533722	1.000000
5.250121	0.841679	5.257624	1.000000
5.994298	1.570791	5.353211	1.000000
5.246764	1.443012	6.087564	1.000000
6.041430	0.784438	6.173389	1.000000
5.218149	0.778129	6.867883	1.000000
6.002341	1.542883	6.905187	1.000000
5.289272	1.539328	0.051694	1.000000
5.986768	0.808431	0.043006	1.000000
5.267741	2.295955	0.719790	1.000000
6.047350	3.063249	0.804088	1.000000
5.269475	2.984215	1.475040	1.000000
6.012413	2.246040	1.509451	1.000000
5.280359	2.308812	2.374166	1.000000
5.952798	3.083617	2.369553	1.000000
5.221316	3.075061	3.094888	1.000000
6.012717	2.355663	3.088505	1.000000
5.212446	2.388729	3.838309	1.000000
5.996266	3.135238	3.905987	1.000000
5.180530	3.116481	4.632409	1.000000
6.012597	2.308115	4.596988	1.000000
5.243348	2.305511	5.325994	1.000000
6.012369	3.041238	5.338721	1.000000
5.257851	3.077868	6.124915	1.000000
6.028179	2.324762	6.052696	1.000000
5.253338	2.322771	6.831038	1.000000
6.030945	3.044863	6.822112	1.000000
5.283048	3.146554	0.113474	1.000000
5.949327	2.370652	7.556993	1.000000
5.255328	3.919525	0.908115	1.000000
6.021898	4.599639	0.781233	1.000000
5.300173	4.604980	1.650751	1.000000
6.013257	3.866153	1.558627	1.000000
5.223108	3.820489	2.345478	1.000000
6.015987	4.681940	2.359441	1.000000
5.221834	4.611777	3.046740	1.000000
5.979290	3.853286	3.050827	1.000000
5.239764	3.825177	3.814886	1.000000
6.019852	4.593927	3.796959	1.000000
5.258161	4.539865	4.614898	1.000000
6.060017	3.889142	4.581617	1.000000
5.295702	3.833787	5.451156	1.000000
6.029607	4.586585	5.396720	1.000000
5.240458	4.644679	6.125622	1.000000
6.039090	3.795919	6.159779	1.000000
5.270968	3.799492	6.836371	1.000000
6.029065	4.630687	6.829439	1.000000
5.220868	4.521170	7.548672	1.000000
6.022220	3.856669	7.583044	1.000000
5.236466	5.261280	0.672544	1.000000
5.999990	6.070837	0.785974	1.000000
5.249820	6.011181	1.447928	1.000000
6.166663	5.424786	1.620017	1.000000
5.267326	5.383021	2.367300	1.000000
6.071237	6.134294	2.362515	1.000000
5.271703	6.179447	3.124512	1.000000
6.008434	5.373280	3.138919	1.000000
5.294086	5.326150	3.873021	1.000000
6.038293	6.115669	3.896462	1.000000
5.259947	6.214623	4.637179	1.000000
6.076925	5.387720	4.585955	1.000000
5.301038	5.271001	5.311180	1.000000
6.080407	6.135831	5.333969	1.000000
5.289251	6.059864	5.993233	1.000000
6.027025	5.349945	6.099389	1.000000
5.234779	5.423371	6.794572	1.000000
6.019171	6.141525	6.785844	1.000000
5.279384	6.119642	7.522526	1.000000
6.058979	5.340203	0.051150	1.000000
5.216274	6.836098	0.786813	1.000000
5.998178	0.045448	0.793144	1.000000
5.274086	0.111371	1.495509	1.000000
6.047412	6.867260	1.534310	1.000000
5.299234	6.925865	2.280476	1.000000
6.023050	0.156023	2.234982	1.000000
5.236754	0.073177	3.046706	1.000000
6.016168	6.967420	3.037125	1.000000
5.230451	6.893512	3.871024	1.000000
5.947839	0.134752	3.752039	1.000000
5.218539	0.068377	4.579121	1.000000
6.008515	6.913070	4.565428	1.000000
5.216795	6.995010	5.335853	1.000000
6.096243	0.153629	5.353742	1.000000
5.226290	0.099881	6.083473	1.000000
6.021415	6.925182	6.118792	1.000000
5.283712	6.872770	6.843795	1.000000
5.951202	0.044688	6.950928	1.000000
5.154530	7.562464	7.579358	1.000000
6.062973	6.852127	0.040628	1.000000
6.730493	0.808140	0.744154	1.000000
7.541726	1.564921	0.715550	1.000000
6.837431	1.560877	1.473035	1.000000
7.552021	0.802232	1.567127	1.000000
6.797228	0.814156	2.280964	1.000000
7.449384	1.578524	2.314900	1.000000
6.767266	1.594408	3.053776	1.000000
7.555610	0.771164	3.005315	1.000000
6.743292	0.851631	3.805800	1.000000
7.498303	1.596900	3.796991	1.000000
6.716963	1.581162	4.498359	1.000000
7.578876	0.798640	4.535032	1.000000
6.759179	0.927969	5.260697	1.000000
7.531695	1.598421	5.294234	1.000000
6.707682	1.583970	6.076809	1.000000
7.446723	0.816171	6.096788	1.000000
6.795597	0.841224	6.872051	1.000000
7.502675	1.619491	6.850086	1.000000
6.759295	1.558958	0.001418	1.000000
7.555053	0.840405	0.012702	1.000000
6.781514	2.331091	0.769533	1.000000
7.455389	3.081522	0.716838	1.000000
6.703958	3.098859	1.579373	1.000000
7.453159	2.333208	1.649288	1.000000
6.716984	2.412187	2.332548	1.000000
7.556308	3.093696	2.297991	1.000000
6.751014	3.138696	3.103002	1.000000
7.526068	2.331655	3.046151	1.000000
6.687567	2.384293	3.843922	1.000000
7.506199	3.070550	3.839463	1.000000
6.721404	3.091677	4.632465	1.000000
7.494172	2.291893	4.537474	1.000000
6.764704	2.376140	5.343321	1.000000
7.483118	3.140073	5.321322	1.000000
6.854396	3.073735	6.112541	1.000000
7.570765	2.374728	6.074160	1.000000
6.764442	2.308224	6.845768	1.000000
7.520708	3.114493	6.872313	1.000000
6.712866	3.094167	7.580449	1.000000
7.498087	2.332200	0.047376	1.000000
6.732920	3.837314	0.860440	1.000000
7.439523	4.598199	0.791841	1.000000
6.737254	4.567386	1.593152	1.000000
7.498888	3.879730	1.561719	1.000000
6.765370	3.877606	2.390765	1.000000
7.462243	4.647706	2.308059	1.000000
6.788473	4.613220	3.070381	1.000000
7.527335	3.803978	3.048058	1.000000
6.819607	3.837314	3.825249	1.000000
7.558605	4.636960	3.847067	1.000000
6.829421	4.596092	4.592800	1.000000
7.537550	3.793186	4.557541	1.000000
6.781782	3.857298	5.366193	1.000000
7.543683	4.627846	5.297160	1.000000
6.768914	4.552441	6.110143	1.000000
7.537706	3.830008	6.138504	1.000000
6.834889	3.857119	6.921749	1.000000
7.501576	4.602107	6.803557	1.000000
6.796572	4.633807	0.003974	1.000000
7.564769	3.900407	0.025152	1.000000
6.765051	5.398852	0.814816	1.000000
7.568919	6.100379	0.649563	1.000000
6.868434	6.138939	1.606427	1.000000
7.500600	5.341062	1.554419	1.000000
6.865378	5.465205	2.351689	1.000000
7.561345	6.188645	2.394719	1.000000
6.760898	6.165951	3.171217	1.000000
7.557884	5.457344	3.115148	1.000000
6.807832	5.395231	3.856242	1.000000
7.534790	6.114006	3.872975	1.000000
6.817493	6.171702	4.596895	1.000000
7.518847	5.379343	4.591484	1.000000
6.783307	5.368759	5.321300	1.000000
7.505469	6.152133	5.329801	1.000000
6.799000	6.101412	6.096451	1.000000
7.505034	5.354728	6.080108	1.000000
6.780448	5.418766	6.836764	1.000000
7.520175	6.116393	6.800185	1.000000
6.757033	6.127264	7.554175	1.000000
7.543927	5.366471	7.496082	1.000000
6.835063	6.862899	0.798693	1.000000
7.518683	0.094366	0.814878	1.000000
6.760640	7.576375	1.506736	1.000000
7.560904	6.893696	1.566827	1.000000
6.805794	6.870673	2.300759	1.000000
7.490479	0.058365	2.243715	1.000000
6.784103	0.092586	3.035408	1.000000
7.522493	6.941661	3.062086	1.000000
6.891280	6.930445	3.844769	1.000000
0.057489	0.057523	3.776554	1.000000
6.722751	0.070287	4.518874	1.000000
7.559411	6.883295	4.607187	1.000000
6.786757	6.957495	5.290897	1.000000
7.546947	0.068946	5.330482	1.000000
6.803787	7.563859	6.089282	1.000000
7.582473	6.892779	6.108139	1.000000
6.759338	6.872034	6.873167	1.000000
7.510136	0.122335	6.816773	1.000000
6.762580	7.573561	0.047830	1.000000
7.510320	6.839169	7.562496	1.000000
