500
0.000000 7.584713
0.000000 7.584713
0.000000 7.584713
0.745605	0.706296	0.715232	1.000000
1.469260	1.472042	0.764738	1.000000
0.744387	1.562354	1.477856	1.000000
1.455540	0.776232	1.496678	1.000000
0.775985	0.763261	2.248981	1.000000
1.512984	1.567471	2.212430	1.000000
0.762946	1.433666	3.031202	1.000000
1.520370	0.721057	2.954574	1.000000
0.630946	0.833311	3.822367	1.000000
1.540888	1.489544	3.766029	1.000000
0.616952	1.420891	4.632209	1.000000
1.494752	0.856190	4.540463	1.000000
0.750626	0.760219	5.415593	1.000000
1.492038	1.530812	5.301593	1.000000
0.803697	1.520290	6.106703	1.000000
1.518330	0.763638	6.067567	1.000000
0.784252	0.775635	6.787347	1.000000
1.529994	1.471417	6.805828	1.000000
0.800651	1.511314	7.541822	1.000000
1.502335	0.765336	0.053403	1.000000
0.685401	2.263850	0.746550	1.000000
1.466997	3.050329	0.801869	1.000000
0.746857	2.992421	1.558626	1.000000
1.467672	2.267538	1.461729	1.000000
0.710191	2.243292	2.311292	1.000000
1.525617	2.919188	2.241219	1.000000
0.728504	3.042520	3.003038	1.000000
1.507214	2.212327	2.992060	1.000000
0.708564	2.223146	3.748825	1.000000
1.462168	3.034957	3.839222	1.000000
0.674459	3.058825	4.509288	1.000000
1.472182	2.214813	4.524916	1.000000
0.667289	2.338951	5.380858	1.000000
1.403915	3.104981	5.351941	1.000000
0.746597	3.080943	6.140571	1.000000
1.431089	2.330362	6.059255	1.000000
0.795973	2.302793	6.854439	1.000000
1.490154	3.103800	6.897410	1.000000
0.686607	3.066035	0.006731	1.000000
1.481749	2.328110	0.057718	1.000000
0.639974	3.809273	0.816201	1.000000
1.363232	4.564599	0.790690	1.000000
0.675659	4.522396	1.542729	1.000000
1.456483	3.813262	1.498216	1.000000
0.679281	3.746357	2.275466	1.000000
1.475486	4.562492	2.212187	1.000000
0.631894	4.547481	3.031378	1.000000
1.457097	3.803211	2.977511	1.000000
0.697646	3.745986	3.726888	1.000000
1.379427	4.616617	3.706577	1.000000
0.732493	4.529357	4.518622	1.000000
1.466189	3.810128	4.477827	1.000000
0.697797	3.824834	5.293674	1.000000
1.451508	4.571792	5.212329	1.000000
0.758003	4.582504	5.961765	1.000000
1.448484	3.821582	6.138345	1.000000
0.727237	3.809029	6.833753	1.000000
1.474779	4.567180	6.892715	1.000000
0.616696	4.583410	0.078817	1.000000
1.335784	3.825803	0.094952	1.000000
0.619016	5.270225	0.836868	1.000000
1.458629	5.999403	0.713669	1.000000
0.761315	6.077810	1.448342	1.000000
1.429519	5.297864	1.511906	1.000000
0.713739	5.331826	2.238769	1.000000
1.406151	6.155702	2.277442	1.000000
0.645040	6.135643	2.980376	1.000000
1.464988	5.336715	2.954726	1.000000
0.634254	5.301713	3.736114	1.000000
1.467547	6.120663	3.810023	1.000000
0.707054	6.199748	4.556538	1.000000
1.374919	5.336683	4.448014	1.000000
0.667853	5.322645	5.181955	1.000000
1.481143	6.069923	5.261635	1.000000
0.756822	6.170188	5.955202	1.000000
1.515680	5.396350	6.072520	1.000000
0.673254	5.363752	6.785918	1.000000
1.576641	6.145731	6.757383	1.000000
0.736754	6.087634	7.568934	1.000000
1.400573	5.247690	0.038344	1.000000
0.740470	6.824170	0.681243	1.000000
1.456602	7.557556	0.719072	1.000000
0.724019	0.054373	1.478435	1.000000
1.436639	6.830375	1.457004	1.000000
0.647696	6.883030	2.169912	1.000000
1.472976	0.035711	2.186678	1.000000
0.640630	7.584486	2.910779	1.000000
1.371529	6.855277	3.018336	1.000000
0.654158	6.921690	3.760329	1.000000
1.550732	0.079740	3.732759	1.000000
0.722095	0.078039	4.571884	1.000000
1.543708	6.858244	4.508018	1.000000
0.874217	6.902925	5.255765	1.000000
1.525752	0.081940	5.333595	1.000000
0.731166	0.030628	6.112233	1.000000
1.553947	6.818520	5.987920	1.000000
0.768743	6.786833	6.751928	1.000000
1.484681	7.551350	6.808169	1.000000
0.795262	0.025753	7.546214	1.000000
1.519096	6.773883	7.543235	1.000000
2.223213	0.742176	0.760117	1.000000
3.046771	1.521008	0.612706	1.000000
2.227466	1.445894	1.487378	1.000000
2.962655	0.742354	1.486510	1.000000
2.239657	0.681127	2.188996	1.000000
3.019055	1.471694	2.193317	1.000000
2.223691	1.483193	2.912728	1.000000
3.054508	0.726426	2.968247	1.000000
2.283587	0.792467	3.759719	1.000000
2.960653	1.577989	3.769174	1.000000
2.271110	1.494136	4.491662	1.000000
3.016887	0.709567	4.563255	1.000000
2.239388	0.840695	5.362864	1.000000
2.983097	1.549421	5.194427	1.000000
2.232174	1.539632	6.089243	1.000000
2.984064	0.755828	6.093530	1.000000
2.294474	0.793073	6.857816	1.000000
2.999977	1.529707	6.775402	1.000000
2.249183	1.561428	7.565565	1.000000
2.950381	0.679841	0.030191	1.000000
2.215362	2.241888	0.791060	1.000000
3.045077	2.997447	0.709416	1.000000
2.283209	3.038455	1.429397	1.000000
3.004108	2.269151	1.408384	1.000000
2.301609	2.197846	2.201526	1.000000
2.870095	3.082795	2.311035	1.000000
2.147853	3.063780	3.046563	1.000000
2.972684	2.161272	2.944962	1.000000
2.193870	2.254359	3.807917	1.000000
3.093049	3.039584	3.753577	1.000000
2.184811	3.072730	4.555700	1.000000
3.034983	2.312134	4.472608	1.000000
2.225096	2.252772	5.203935	1.000000
2.988129	3.074824	5.232348	1.000000
2.170162	3.046860	6.085322	1.000000
2.990881	2.335824	5.950233	1.000000
2.194604	2.246046	6.829440	1.000000
2.953751	3.094315	6.795231	1.000000
2.213603	3.075022	0.054776	1.000000
2.979725	2.279751	7.460831	1.000000
2.188870	3.828533	0.794003	1.000000
2.962581	4.598622	0.821266	1.000000
2.189707	4.618659	1.491278	1.000000
2.991401	3.810160	1.523562	1.000000
2.205263	3.874461	2.165071	1.000000
2.951846	4.597238	2.256404	1.000000
2.187095	4.503516	3.011864	1.000000
3.063047	3.767199	3.058465	1.000000
2.277414	3.790549	3.723645	1.000000
2.964373	4.536846	3.692015	1.000000
2.172669	4.654306	4.493395	1.000000
2.931394	3.874676	4.477770	1.000000
2.172101	3.872598	5.348546	1.000000
2.946724	4.591202	5.406104	1.000000
2.159321	4.612212	6.092877	1.000000
2.977977	3.744073	6.021536	1.000000
2.252193	3.805940	6.752975	1.000000
2.923919	4.554990	6.806681	1.000000
2.230164	4.568680	7.563694	1.000000
2.914532	3.831378	7.506012	1.000000
2.205507	5.310406	0.768179	1.000000
2.912737	6.040840	0.753086	1.000000
2.222512	6.032047	1.477031	1.000000
2.974373	5.353242	1.532505	1.000000
2.192313	5.304472	2.252833	1.000000
2.990673	6.028103	2.276449	1.000000
2.166519	6.064876	2.962109	1.000000
2.942063	5.295989	3.010377	1.000000
2.175005	5.338865	3.701367	1.000000
3.002049	5.992294	3.755059	1.000000
2.324572	6.195241	4.515857	1.000000
2.944806	5.292787	4.480775	1.000000
2.247029	5.383317	5.192782	1.000000
2.993327	6.099094	5.308181	1.000000
2.299909	6.048907	6.067303	1.000000
2.980711	5.306521	6.125085	1.000000
2.202006	5.329505	6.811553	1.000000
3.009490	6.005562	6.887464	1.000000
2.233553	6.055952	7.527440	1.000000
2.959838	5.255804	0.063742	1.000000
2.244856	6.861928	0.703172	1.000000
3.007736	7.530198	0.770972	1.000000
2.152976	7.534074	1.444642	1.000000
2.923622	6.820894	1.488940	1.000000
2.143549	6.835480	2.167680	1.000000
3.044695	7.584593	2.169819	1.000000
2.198999	7.523287	2.968708	1.000000
2.968466	6.804838	2.926444	1.000000
2.239019	6.935695	3.791383	1.000000
2.991459	0.022110	3.831978	1.000000
2.237823	0.009015	4.574570	1.000000
3.085312	6.839811	4.633155	1.000000
2.305297	6.872355	5.297654	1.000000
3.076563	0.048264	5.329394	1.000000
2.252846	7.554745	6.052383	1.000000
3.026671	6.827660	5.995219	1.000000
2.330013	6.804768	6.728544	1.000000
3.031180	7.549767	6.724901	1.000000
2.263731	7.492916	7.455371	1.000000
2.962520	6.769060	0.001021	1.000000
3.720200	0.669162	0.709740	1.000000
4.575914	1.637785	0.770278	1.000000
3.781713	1.528007	1.428005	1.000000
4.452738	0.770233	1.419491	1.000000
3.794520	0.762820	2.201663	1.000000
4.478195	1.599892	2.189769	1.000000
3.768687	1.517167	2.917020	1.000000
4.409526	0.686952	3.064311	1.000000
3.705321	0.864489	3.794770	1.000000
4.488134	1.517086	3.786996	1.000000
3.784192	1.567127	4.512686	1.000000
4.527361	0.806318	4.530692	1.000000
3.796199	0.778072	5.252056	1.000000
4.623400	1.486208	5.294849	1.000000
3.643987	1.563202	5.955222	1.000000
4.516486	0.827558	6.070918	1.000000
3.738221	0.759587	6.818427	1.000000
4.514574	1.582479	6.819145	1.000000
3.781697	1.550564	7.501805	1.000000
4.504508	0.765744	7.574142	1.000000
3.759924	2.246267	0.705816	1.000000
4.561340	3.015115	0.755164	1.000000
3.652274	3.053147	1.576253	1.000000
4.440115	2.328604	1.501032	1.000000
3.719016	2.266787	2.234602	1.000000
4.462971	3.055624	2.198196	1.000000
3.735993	3.007831	2.942700	1.000000
4.501646	2.270966	2.938575	1.000000
3.779152	2.243743	3.633754	1.000000
4.440062	3.127848	3.793882	1.000000
3.779896	3.064694	4.591824	1.000000
4.518150	2.247663	4.483764	1.000000
3.781275	2.311730	5.295320	1.000000
4.466674	3.123014	5.335320	1.000000
3.743133	3.051522	6.034068	1.000000
4.510565	2.305292	6.074870	1.000000
3.743317	2.337900	6.772468	1.000000
4.507101	3.057308	6.787904	1.000000
3.715224	3.028688	7.496851	1.000000
4.530390	2.342927	7.501576	1.000000
3.698310	3.887683	0.804911	1.000000
4.576970	4.553020	0.831190	1.000000
3.729591	4.580254	1.556208	1.000000
4.502013	3.736669	1.445319	1.000000
3.749040	3.806747	2.248307	1.000000
4.541207	4.473812	2.131918	1.000000
3.761756	4.536718	2.966909	1.000000
4.491532	3.838050	3.016557	1.000000
3.759820	3.868470	3.816883	1.000000
4.484775	4.571885	3.812201	1.000000
3.699794	4.566359	4.543090	1.000000
4.462002	3.844987	4.549633	1.000000
3.760361	3.832624	5.264341	1.000000
4.512760	4.591060	5.331579	1.000000
3.743535	4.542935	6.112155	1.000000
4.540200	3.817934	6.125857	1.000000
3.759254	3.779475	6.791309	1.000000
4.585380	4.499679	6.887324	1.000000
3.724422	4.482067	7.578691	1.000000
4.454632	3.787513	0.075745	1.000000
3.736107	5.274715	0.826358	1.000000
4.501494	6.045320	0.763711	1.000000
3.703109	6.119491	1.442302	1.000000
4.528460	5.295346	1.520296	1.000000
3.740721	5.274619	2.277469	1.000000
4.428210	6.045211	2.253090	1.000000
3.720245	5.978129	2.988545	1.000000
4.521329	5.302365	3.035810	1.000000
3.723641	5.267678	3.764868	1.000000
4.518950	6.023519	3.851035	1.000000
3.781182	6.028282	4.621735	1.000000
4.501323	5.294426	4.537266	1.000000
3.756235	5.301197	5.322106	1.000000
4.508862	5.983808	5.336624	1.000000
3.696064	6.037422	6.125386	1.000000
4.468541	5.313766	6.077929	1.000000
3.738573	5.262585	6.921097	1.000000
4.474792	5.991873	6.814084	1.000000
3.784936	6.016206	0.008187	1.000000
4.496132	5.235859	0.066703	1.000000
3.773377	6.792501	0.679529	1.000000
4.521867	7.556582	0.781403	1.000000
3.772057	0.000378	1.467489	1.000000
4.493534	6.809384	1.556233	1.000000
3.743718	6.787673	2.221584	1.000000
4.427720	7.581140	2.318344	1.000000
3.721669	7.482419	3.068781	1.000000
4.469389	6.740185	3.024418	1.000000
3.729432	6.713999	3.766216	1.000000
4.538104	0.047632	3.830495	1.000000
3.809948	7.575282	4.597071	1.000000
4.487828	6.753415	4.556300	1.000000
3.817323	6.767165	5.314056	1.000000
4.551632	7.490301	5.303163	1.000000
3.783631	7.534048	6.053944	1.000000
4.514341	6.748944	6.046246	1.000000
3.712034	6.815563	6.807580	1.000000
4.526438	0.029285	6.724886	1.000000
3.832640	0.014577	7.511517	1.000000
4.480191	6.752988	7.468347	1.000000
5.223181	0.779503	0.747755	1.000000
6.070203	1.503485	0.718528	1.000000
5.271671	1.483497	1.511678	1.000000
6.051879	0.756263	1.383866	1.000000
5.193683	0.780773	2.266689	1.000000
5.997957	1.462511	2.237768	1.000000
5.124946	1.463391	3.009263	1.000000
6.051533	0.791702	2.986333	1.000000
5.251300	0.776729	3.763973	1.000000
6.026480	1.486415	3.743306	1.000000
5.291264	1.542894	4.532333	1.000000
6.016299	0.768370	4.606563	1.000000
5.262236	0.659243	5.316653	1.000000
6.011693	1.520724	5.288270	1.000000
5.315517	1.503919	6.101444	1.000000
6.029147	0.735812	6.018056	1.000000
5.276733	0.775773	6.841268	1.000000
6.047522	1.492804	6.826382	1.000000
5.308164	1.568786	0.069971	1.000000
6.074082	0.765556	7.559900	1.000000
5.365547	2.336190	0.718843	1.000000
6.149626	3.050155	0.713585	1.000000
5.311033	2.992864	1.502387	1.000000
6.013611	2.217101	1.497927	1.000000
5.307026	2.244174	2.218848	1.000000
6.062242	2.999302	2.210930	1.000000
5.176494	3.096489	3.075642	1.000000
5.996671	2.226647	2.969839	1.000000
5.208591	2.317987	3.749676	1.000000
5.990756	3.111571	3.829430	1.000000
5.191636	3.079653	4.473755	1.000000
6.080700	2.324255	4.481538	1.000000
5.204225	2.324453	5.267104	1.000000
5.972300	3.043210	5.227532	1.000000
5.303220	3.009786	6.019955	1.000000
6.067018	2.297223	5.945839	1.000000
5.298866	2.228356	6.804201	1.000000
6.118130	3.035627	6.813259	1.000000
5.336565	2.984618	7.493735	1.000000
6.099222	2.297545	0.039451	1.000000
5.343515	3.708270	0.673112	1.000000
6.050347	4.488228	0.750347	1.000000
5.350955	4.642339	1.460351	1.000000
6.058799	3.783821	1.466870	1.000000
5.259184	3.748048	2.278544	1.000000
6.030267	4.549445	2.309594	1.000000
5.286199	4.527633	2.990834	1.000000
6.010507	3.811645	3.062132	1.000000
5.182962	3.837149	3.796405	1.000000
5.937897	4.517049	3.774667	1.000000
5.260468	4.588943	4.562009	1.000000
6.025897	3.870029	4.543433	1.000000
5.258662	3.774451	5.328430	1.000000
6.064476	4.545064	5.344662	1.000000
5.242556	4.561504	6.048877	1.000000
6.072972	3.743120	5.967950	1.000000
5.352911	3.770644	6.857407	1.000000
6.080097	4.505761	6.727665	1.000000
5.290310	4.524573	0.079916	1.000000
6.129983	3.776238	7.497473	1.000000
5.270577	5.358757	0.703882	1.000000
6.010682	6.071622	0.728239	1.000000
5.194744	6.056490	1.573647	1.000000
6.015516	5.433787	1.508850	1.000000
5.263920	5.330352	2.265193	1.000000
6.073275	6.174173	2.200984	1.000000
5.234617	6.058985	2.999360	1.000000
5.980289	5.247554	3.073618	1.000000
5.256510	5.309223	3.793496	1.000000
5.966665	6.116375	3.784285	1.000000
5.272678	6.003107	4.558128	1.000000
5.998699	5.276871	4.583528	1.000000
5.275935	5.259953	5.317224	1.000000
5.985203	6.017737	5.327481	1.000000
5.240527	6.043761	6.063964	1.000000
5.988539	5.282845	6.088149	1.000000
5.218996	5.283520	6.756461	1.000000
6.043129	6.088114	6.802297	1.000000
5.280299	6.108583	7.562483	1.000000
5.946879	5.326821	7.457209	1.000000
5.250394	6.760656	0.765264	1.000000
5.982189	7.576715	0.741752	1.000000
5.199194	0.010606	1.519537	1.000000
6.065634	6.870615	1.461004	1.000000
5.233572	6.800321	2.256104	1.000000
5.974572	7.564500	2.190418	1.000000
5.229639	0.068040	2.985364	1.000000
5.965976	6.897901	2.957022	1.000000
5.236755	6.877950	3.766934	1.000000
6.019776	7.562902	3.761933	1.000000
5.287450	0.043378	4.527859	1.000000
5.900730	6.794728	4.565071	1.000000
5.200442	6.714185	5.303237	1.000000
6.016671	7.541118	5.333876	1.000000
5.258258	7.529722	6.019493	1.000000
5.966743	6.791212	6.051609	1.000000
5.237877	6.802863	6.772694	1.000000
6.039883	0.010923	6.742241	1.000000
5.132928	7.513042	7.557805	1.000000
6.054768	6.876346	7.574855	1.000000
6.809318	0.759128	0.695224	1.000000
0.010856	1.515179	0.718429	1.000000
6.877099	1.478108	1.476797	1.000000
7.582744	0.755358	1.471065	1.000000
6.801487	0.771411	2.183960	1.000000
0.029047	1.482480	2.179058	1.000000
6.733430	1.537947	2.969369	1.000000
7.524226	0.724206	2.965387	1.000000
6.712374	0.707401	3.807325	1.000000
7.499061	1.549243	3.819870	1.000000
6.770739	1.465278	4.500233	1.000000
7.453303	0.736527	4.569612	1.000000
6.785526	0.770632	5.348990	1.000000
7.479708	1.540814	5.373974	1.000000
6.786470	1.506482	6.124066	1.000000
7.546410	0.843790	6.088793	1.000000
6.837396	0.763925	6.814566	1.000000
0.024742	1.545323	6.867424	1.000000
6.777698	1.508281	7.568390	1.000000
7.534995	0.783491	7.576050	1.000000
6.838113	2.295862	0.719739	1.000000
7.540430	3.055049	0.836198	1.000000
6.811998	3.055313	1.547055	1.000000
7.573724	2.270613	1.504681	1.000000
6.783374	2.280802	2.292674	1.000000
0.018075	2.971910	2.251113	1.000000
6.758798	3.123961	3.027473	1.000000
7.566687	2.192806	3.013471	1.000000
6.722072	2.323689	3.703455	1.000000
0.013933	2.949064	3.698394	1.000000
6.875542	2.997139	4.468924	1.000000
0.035857	2.286735	4.550935	1.000000
6.828440	2.321344	5.210498	1.000000
7.576330	3.078332	5.316942	1.000000
6.785073	3.007142	5.966104	1.000000
7.491698	2.312634	6.148244	1.000000
6.765796	2.237726	6.865459	1.000000
7.563140	3.088532	6.821785	1.000000
6.857424	3.032775	7.551419	1.000000
0.000693	2.319861	7.571694	1.000000
6.804206	3.810286	0.761363	1.000000
7.473414	4.580757	0.849096	1.000000
6.701711	4.613726	1.506926	1.000000
7.510163	3.850960	1.578017	1.000000
6.806205	3.834761	2.293082	1.000000
7.482852	4.582197	2.316378	1.000000
6.803265	4.521438	3.102758	1.000000
7.541336	3.802378	2.990547	1.000000
6.726944	3.791819	3.812307	1.000000
7.512976	4.548040	3.828451	1.000000
6.820041	4.581600	4.552173	1.000000
7.566968	3.780371	4.467567	1.000000
6.798652	3.753723	5.221804	1.000000
7.538951	4.560669	5.255804	1.000000
6.818280	4.678276	6.061162	1.000000
0.028449	3.862559	6.102324	1.000000
6.842340	3.840198	6.740941	1.000000
0.000221	4.614984	6.844324	1.000000
6.770691	4.561671	7.575970	1.000000
7.556248	3.796175	0.029862	1.000000
6.715034	5.304909	0.764859	1.000000
0.006123	6.105127	0.740210	1.000000
6.821299	6.056694	1.459769	1.000000
7.482776	5.311295	1.604532	1.000000
6.700586	5.318241	2.345150	1.000000
7.463244	6.065365	2.276675	1.000000
6.658300	6.169167	3.037465	1.000000
7.446795	5.378926	3.061714	1.000000
6.717516	5.291206	3.852064	1.000000
7.531257	6.172423	3.853714	1.000000
6.762378	6.049262	4.529428	1.000000
7.527572	5.378933	4.478245	1.000000
6.852160	5.317608	5.278419	1.000000
7.498058	6.082711	5.269605	1.000000
6.722665	6.066736	6.054237	1.000000
7.557514	5.386075	6.036164	1.000000
6.807101	5.375577	6.786959	1.000000
7.556756	6.141066	6.769340	1.000000
6.728946	6.103147	7.548487	1.000000
7.563858	5.390809	7.509313	1.000000
6.830963	6.847314	0.677684	1.000000
7.582568	0.010924	0.691506	1.000000
6.772514	0.021417	1.427253	1.000000
7.563957	6.884870	1.400411	1.000000
6.817119	6.862252	2.125052	1.000000
7.484370	0.035038	2.175393	1.000000
6.757782	7.538486	2.881379	1.000000
7.507382	6.853271	3.013078	1.000000
6.769345	6.887097	3.782412	1.000000
7.496908	0.078333	3.732808	1.000000
6.718820	7.570057	4.597792	1.000000
7.558628	6.901133	4.590287	1.000000
6.695365	6.748200	5.294145	1.000000
7.560788	0.071080	5.363833	1.000000
6.799482	0.010784	6.090363	1.000000
7.544456	6.833844	5.995865	1.000000
6.778210	6.805684	6.777578	1.000000
7.573192	0.055827	6.824456	1.000000
6.841281	0.060570	7.540492	1.000000
7.512710	6.820085	7.526411	1.000000
