500
0.000000 7.584713
0.000000 7.584713
0.000000 7.584713
0.628353	0.790398	0.734908	1.000000
1.297584	1.549270	0.827564	1.000000
0.580767	1.488004	1.522342	1.000000
1.424641	0.782923	1.482643	1.000000
0.627321	0.800533	2.285163	1.000000
1.440242	1.556130	2.341085	1.000000
0.634718	1.584770	2.954275	1.000000
1.395480	0.853062	3.103728	1.000000
0.656015	0.841886	3.800257	1.000000
1.412228	1.585158	3.833366	1.000000
0.685910	1.602138	4.581302	1.000000
1.428854	0.862442	4.587454	1.000000
0.689257	0.812615	5.286221	1.000000
1.385998	1.585624	5.336668	1.000000
0.674653	1.506185	6.055272	1.000000
1.442163	0.800585	6.053427	1.000000
0.632217	0.854821	6.873089	1.000000
1.368922	1.548371	6.910058	1.000000
0.574871	1.631356	0.020217	1.000000
1.481830	0.811494	7.581689	1.000000
0.659567	2.321307	0.813045	1.000000
1.470375	3.029433	0.844913	1.000000
0.638597	3.068522	1.555604	1.000000
1.416201	2.277736	1.514403	1.000000
0.738249	2.372846	2.298519	1.000000
1.464779	3.077140	2.325965	1.000000
0.737416	3.037022	3.051363	1.000000
1.413873	2.278490	3.033178	1.000000
0.653717	2.371055	3.819153	1.000000
1.460277	3.098522	3.766091	1.000000
0.806391	3.065810	4.522064	1.000000
1.469309	2.266644	4.569504	1.000000
0.702602	2.390103	5.270825	1.000000
1.418107	3.106211	5.327394	1.000000
0.676286	3.022839	6.131711	1.000000
1.365735	2.282346	6.088134	1.000000
0.681068	2.290982	6.819593	1.000000
1.449871	3.029491	6.810678	1.000000
0.632614	3.085696	0.037629	1.000000
1.348986	2.289785	0.057139	1.000000
0.625461	3.775298	0.795770	1.000000
1.438748	4.528407	0.871421	1.000000
0.659400	4.496505	1.594780	1.000000
1.426271	3.757817	1.535430	1.000000
0.744009	3.778422	2.300482	1.000000
1.437876	4.557594	2.299440	1.000000
0.673775	4.630505	3.098247	1.000000
1.444550	3.808094	3.038535	1.000000
0.713099	3.844748	3.880495	1.000000
1.479902	4.588361	3.837273	1.000000
0.689552	4.539302	4.602146	1.000000
1.436761	3.855414	4.656416	1.000000
0.629195	3.785081	5.332513	1.000000
1.471972	4.552624	5.386271	1.000000
0.650589	4.562661	6.100258	1.000000
1.439693	3.793060	6.107457	1.000000
0.703118	3.786197	6.877888	1.000000
1.402432	4.553017	6.895529	1.000000
0.714924	4.518157	0.055094	1.000000
1.429423	3.791652	0.071038	1.000000
0.703089	5.242313	0.800936	1.000000
1.429646	6.234995	0.830489	1.000000
0.676823	6.138219	1.592815	1.000000
1.340367	5.250949	1.578750	1.000000
0.689755	5.323738	2.366846	1.000000
1.404291	6.118948	2.281313	1.000000
0.758381	6.051666	3.066822	1.000000
1.470325	5.262484	3.049927	1.000000
0.735820	5.323621	3.817171	1.000000
1.455003	6.178843	3.795772	1.000000
0.707052	6.163537	4.522026	1.000000
1.485294	5.495298	4.545484	1.000000
0.761377	5.458870	5.386286	1.000000
1.469058	6.173716	5.353805	1.000000
0.710110	6.195138	6.083247	1.000000
1.507313	5.367411	6.091022	1.000000
0.761689	5.340500	6.820506	1.000000
1.400969	6.229557	6.860563	1.000000
0.773658	6.194848	0.055843	1.000000
1.380914	5.277215	0.045204	1.000000
0.705059	6.991551	0.816424	1.000000
1.485367	0.101147	0.745480	1.000000
0.709351	0.063153	1.587528	1.000000
1.449109	6.918753	1.615249	1.000000
0.714747	6.912956	2.294437	1.000000
1.466536	0.033807	2.347408	1.000000
0.621928	0.051424	3.057889	1.000000
1.482157	6.861431	3.063454	1.000000
0.712233	6.919010	3.854228	1.000000
1.420061	0.078444	3.820795	1.000000
0.690428	0.061374	4.588562	1.000000
1.444687	6.937628	4.586580	1.000000
0.692538	6.871655	5.278456	1.000000
1.403272	0.100153	5.300238	1.000000
0.660397	0.025060	6.114043	1.000000
1.424181	6.925913	6.056365	1.000000
0.595611	6.908882	6.866398	1.000000
1.367812	7.560036	6.935565	1.000000
0.575719	0.055943	7.556291	1.000000
1.538166	6.889447	0.072870	1.000000
2.209331	0.829308	0.786015	1.000000
3.015986	1.573050	0.800291	1.000000
2.166526	1.558689	1.519633	1.000000
3.038069	0.842022	1.531743	1.000000
2.196950	0.825136	2.200219	1.000000
2.960060	1.552972	2.332777	1.000000
2.225389	1.502195	3.045353	1.000000
2.956372	0.758490	3.074983	1.000000
2.198087	0.826116	3.827102	1.000000
2.961657	1.503148	3.883798	1.000000
2.202718	1.538709	4.544041	1.000000
2.931692	0.810323	4.681551	1.000000
2.186109	0.913985	5.343158	1.000000
2.971581	1.569318	5.351826	1.000000
2.128113	1.596040	6.125140	1.000000
2.959650	0.829908	6.030895	1.000000
2.272913	0.874456	6.855073	1.000000
2.968907	1.615553	6.856032	1.000000
2.274159	1.581599	0.018945	1.000000
2.974658	0.758289	7.584612	1.000000
2.161558	2.293959	0.817648	1.000000
2.985268	3.103500	0.707380	1.000000
2.153857	3.063551	1.582161	1.000000
2.997406	2.263912	1.543781	1.000000
2.188814	2.311779	2.382954	1.000000
2.916830	3.072369	2.301235	1.000000
2.235953	3.064690	3.099274	1.000000
2.975852	2.309058	3.089432	1.000000
2.127629	2.320710	3.791614	1.000000
2.906570	2.947901	3.868760	1.000000
2.183537	2.979578	4.565348	1.000000
2.969029	2.241818	4.579034	1.000000
2.184089	2.271604	5.362816	1.000000
2.869886	3.035679	5.348719	1.000000
2.192447	3.061869	6.137262	1.000000
2.911728	2.314737	6.083945	1.000000
2.119891	2.287261	6.861486	1.000000
2.999454	3.105377	6.915549	1.000000
2.219940	2.990724	0.018401	1.000000
2.960121	2.319451	0.083398	1.000000
2.171972	3.805995	0.784741	1.000000
2.911089	4.496381	0.858811	1.000000
2.168891	4.651700	1.548539	1.000000
2.932466	3.774927	1.553178	1.000000
2.189147	3.798800	2.318723	1.000000
2.863324	4.557182	2.271237	1.000000
2.173451	4.507673	3.116134	1.000000
2.993150	3.890950	3.014652	1.000000
2.205637	3.803530	3.841372	1.000000
2.864050	4.647903	3.889572	1.000000
2.162898	4.587722	4.639281	1.000000
2.967043	3.884446	4.565323	1.000000
2.253058	3.826961	5.343306	1.000000
2.904880	4.594381	5.389043	1.000000
2.182852	4.595049	6.130771	1.000000
2.932536	3.797626	6.102771	1.000000
2.197526	3.842385	6.928435	1.000000
2.956537	4.611960	6.804634	1.000000
2.152948	4.595881	0.019204	1.000000
2.975527	3.969807	7.580920	1.000000
2.096127	5.404955	0.890161	1.000000
2.972056	6.092550	0.864437	1.000000
2.208102	6.140670	1.564260	1.000000
2.926894	5.331885	1.623590	1.000000
2.181589	5.305613	2.330198	1.000000
3.026614	6.105278	2.252773	1.000000
2.378655	6.080905	3.018809	1.000000
3.011455	5.228400	2.998157	1.000000
2.217625	5.432030	3.789077	1.000000
3.003664	6.097265	3.836549	1.000000
2.243837	6.175970	4.581219	1.000000
2.972673	5.415393	4.586470	1.000000
2.223184	5.412353	5.255669	1.000000
2.977644	6.170602	5.361696	1.000000
2.163665	6.235694	6.101435	1.000000
2.910647	5.393182	6.036408	1.000000
2.133554	5.349164	6.910971	1.000000
2.972940	6.138771	6.856811	1.000000
2.199585	6.052075	0.083605	1.000000
2.961576	5.287685	0.083166	1.000000
2.229563	6.896041	0.809081	1.000000
2.911378	0.037035	0.704651	1.000000
2.289790	0.082544	1.524680	1.000000
3.030610	6.843783	1.531152	1.000000
2.240201	6.822982	2.329323	1.000000
2.939823	7.574405	2.331714	1.000000
2.223041	0.028209	3.032394	1.000000
3.060906	6.857252	3.089972	1.000000
2.246637	6.866046	3.721464	1.000000
2.976686	0.029518	3.830003	1.000000
2.126465	0.115646	4.603571	1.000000
3.028265	6.869623	4.500258	1.000000
2.172033	6.902080	5.287880	1.000000
3.054390	7.578196	5.327175	1.000000
2.187540	0.029207	6.102602	1.000000
3.101082	6.888543	6.059092	1.000000
2.193950	6.841712	6.901390	1.000000
2.955296	0.052242	6.830995	1.000000
2.225014	0.037393	7.536100	1.000000
2.967669	6.929819	7.543363	1.000000
3.760677	0.828634	0.810486	1.000000
4.491445	1.533966	0.724801	1.000000
3.764925	1.570810	1.558619	1.000000
4.500272	0.814686	1.524145	1.000000
3.699986	0.873675	2.369181	1.000000
4.477195	1.523789	2.335142	1.000000
3.713384	1.536308	3.120762	1.000000
4.528381	0.754691	2.991501	1.000000
3.702004	0.737371	3.818234	1.000000
4.524790	1.489146	3.765692	1.000000
3.811070	1.487395	4.497188	1.000000
4.571791	0.742260	4.510521	1.000000
3.711550	0.803624	5.333123	1.000000
4.502770	1.449991	5.299567	1.000000
3.712351	1.621369	6.070553	1.000000
4.486489	0.778426	6.092545	1.000000
3.675183	0.820918	6.847027	1.000000
4.466376	1.619185	6.852780	1.000000
3.707532	1.518233	0.078120	1.000000
4.518096	0.764451	0.065140	1.000000
3.752328	2.391546	0.728795	1.000000
4.499231	3.082827	0.682464	1.000000
3.668304	3.074377	1.524591	1.000000
4.456327	2.369705	1.634715	1.000000
3.757310	2.315607	2.372466	1.000000
4.478082	3.062720	2.373912	1.000000
3.612107	3.085307	3.122087	1.000000
4.505326	2.330712	3.117574	1.000000
3.744266	2.310296	3.804581	1.000000
4.456243	3.068670	3.825755	1.000000
3.678954	3.067877	4.603748	1.000000
4.494211	2.338658	4.511449	1.000000
3.677107	2.324885	5.292535	1.000000
4.453034	3.080285	5.359046	1.000000
3.671337	3.081645	6.129202	1.000000
4.422312	2.352602	6.126504	1.000000
3.702732	2.348654	6.920255	1.000000
4.511628	3.049830	6.879626	1.000000
3.723424	3.127286	0.024280	1.000000
4.501617	2.341181	0.005968	1.000000
3.740348	3.812913	0.764232	1.000000
4.487282	4.620779	0.837963	1.000000
3.656981	4.599904	1.631631	1.000000
4.488499	3.905106	1.574188	1.000000
3.684933	3.792937	2.247182	1.000000
4.499286	4.628200	2.285494	1.000000
3.785617	4.567211	3.010679	1.000000
4.490387	3.784658	3.078309	1.000000
3.693441	3.815245	3.878603	1.000000
4.440115	4.494984	3.824282	1.000000
3.679421	4.633813	4.629910	1.000000
4.496801	3.805924	4.560781	1.000000
3.739481	3.816727	5.370946	1.000000
4.473012	4.535194	5.277223	1.000000
3.704885	4.584325	6.058928	1.000000
4.462587	3.818370	6.202059	1.000000
3.669168	3.879571	6.834450	1.000000
4.418132	4.665076	6.935160	1.000000
3.737650	4.608016	0.119857	1.000000
4.497720	3.822088	7.531797	1.000000
3.698906	5.327120	0.816228	1.000000
4.541968	6.129413	0.769334	1.000000
3.800725	6.154385	1.475701	1.000000
4.436815	5.387774	1.582483	1.000000
3.728058	5.393489	2.292142	1.000000
4.526048	6.119190	2.301075	1.000000
3.772388	6.150327	3.057837	1.000000
4.469669	5.345620	3.022626	1.000000
3.653452	5.278679	3.792223	1.000000
4.561834	6.093611	3.733733	1.000000
3.834086	6.166559	4.552744	1.000000
4.466111	5.343427	4.655005	1.000000
3.667152	5.396213	5.326370	1.000000
4.459511	6.034847	5.443393	1.000000
3.678583	6.041988	6.124336	1.000000
4.448866	5.308810	6.167524	1.000000
3.639781	5.386573	6.894637	1.000000
4.499524	6.041623	6.852344	1.000000
3.608154	6.103831	0.047452	1.000000
4.361915	5.404555	0.028051	1.000000
3.710302	6.902282	0.784277	1.000000
4.447382	0.089048	0.820421	1.000000
3.674305	0.040221	1.593300	1.000000
4.522783	6.866237	1.481287	1.000000
3.703313	6.849306	2.315503	1.000000
4.469520	0.041799	2.286973	1.000000
3.736912	0.023677	3.054250	1.000000
4.496697	6.862529	2.977339	1.000000
3.799817	6.928475	3.830137	1.000000
4.497514	0.054807	3.741050	1.000000
3.797646	0.038501	4.567543	1.000000
4.528337	6.902003	4.550335	1.000000
3.810069	6.818302	5.314370	1.000000
4.493770	0.047073	5.344072	1.000000
3.715332	0.116537	6.113182	1.000000
4.488288	6.800912	6.174330	1.000000
3.746654	6.831924	6.885991	1.000000
4.474297	0.006780	6.812659	1.000000
3.725705	0.047208	0.043929	1.000000
4.486975	6.929574	0.150996	1.000000
5.253392	0.868677	0.779612	1.000000
5.947386	1.616137	0.754235	1.000000
5.256513	1.553143	1.526820	1.000000
5.993713	0.837231	1.518782	1.000000
5.225415	0.803714	2.256612	1.000000
6.013087	1.506505	2.335899	1.000000
5.229781	1.539673	3.023411	1.000000
6.055497	0.761960	3.033220	1.000000
5.260135	0.797192	3.747493	1.000000
5.980245	1.583849	3.805005	1.000000
5.260399	1.576808	4.641588	1.000000
5.985616	0.819013	4.526292	1.000000
5.314004	0.752925	5.350353	1.000000
5.942125	1.559226	5.374011	1.000000
5.164996	1.628116	6.051525	1.000000
5.979713	0.851831	6.118400	1.000000
5.204403	0.765257	6.800160	1.000000
5.939717	1.627743	6.751878	1.000000
5.223594	1.540055	7.548363	1.000000
5.968488	0.832213	7.483495	1.000000
5.161201	2.310159	0.838715	1.000000
5.970648	3.043393	0.724575	1.000000
5.234985	3.032108	1.535264	1.000000
5.991520	2.307065	1.530271	1.000000
5.194567	2.341643	2.371459	1.000000
6.012222	3.030245	2.227319	1.000000
5.246392	3.053042	3.132950	1.000000
5.976948	2.321314	3.084892	1.000000
5.244555	2.265827	3.808606	1.000000
6.043073	3.088089	3.782000	1.000000
5.235847	3.048192	4.457952	1.000000
6.020895	2.368719	4.630161	1.000000
5.231741	2.363661	5.358805	1.000000
6.022130	3.110185	5.369726	1.000000
5.279031	3.069336	6.066039	1.000000
6.096775	2.373901	6.059514	1.000000
5.238429	2.351464	6.766148	1.000000
6.048679	3.123762	6.824087	1.000000
5.238079	3.088002	7.566065	1.000000
5.935849	2.281579	7.530305	1.000000
5.207771	3.834197	0.792061	1.000000
6.037911	4.575982	0.804310	1.000000
5.280031	4.535518	1.589548	1.000000
5.956366	3.726858	1.506657	1.000000
5.225745	3.755664	2.352889	1.000000
6.021297	4.685618	2.279524	1.000000
5.259077	4.620245	2.963223	1.000000
5.957237	3.885897	3.061916	1.000000
5.209070	3.813605	3.797821	1.000000
5.983429	4.625790	3.808118	1.000000
5.242272	4.629871	4.593082	1.000000
5.999943	3.829314	4.621490	1.000000
5.203935	3.843841	5.269557	1.000000
6.007324	4.551876	5.359178	1.000000
5.200252	4.536843	6.011715	1.000000
6.050809	3.847658	6.133363	1.000000
5.245830	3.872411	6.834982	1.000000
6.070845	4.647603	6.738842	1.000000
5.309319	4.616012	7.523289	1.000000
6.060870	3.925887	0.038461	1.000000
5.205754	5.360378	0.868492	1.000000
6.034927	6.090676	0.700791	1.000000
5.243652	6.175145	1.537324	1.000000
6.055006	5.379204	1.463528	1.000000
5.253385	5.399869	2.170595	1.000000
6.034805	6.052710	2.245388	1.000000
5.327931	6.148368	2.977787	1.000000
6.014638	5.315885	3.077933	1.000000
5.192558	5.276694	3.832062	1.000000
6.022378	6.031725	3.792857	1.000000
5.150339	6.096769	4.571836	1.000000
6.011876	5.322244	4.537907	1.000000
5.301024	5.346321	5.352413	1.000000
5.997586	6.071768	5.255138	1.000000
5.272692	6.123073	6.075193	1.000000
6.009544	5.445618	6.087463	1.000000
5.256286	5.348998	6.831282	1.000000
5.977260	6.136032	6.821524	1.000000
5.237816	6.064231	7.563746	1.000000
6.120119	5.312446	7.572743	1.000000
5.324910	6.962623	0.824790	1.000000
5.960550	0.153207	0.785353	1.000000
5.286368	0.105437	1.524092	1.000000
6.026880	6.815112	1.580224	1.000000
5.271818	6.904616	2.316662	1.000000
6.035762	0.125343	2.259739	1.000000
5.287533	0.082018	3.026189	1.000000
6.005656	6.886301	3.163558	1.000000
5.184583	6.893519	3.768950	1.000000
5.969540	0.049857	3.833382	1.000000
5.279513	0.004107	4.572279	1.000000
6.039050	6.871618	4.552970	1.000000
5.194372	6.851992	5.384049	1.000000
5.997470	0.019165	5.359399	1.000000
5.214821	0.023933	6.081045	1.000000
6.019150	6.847382	6.028691	1.000000
5.259800	6.855482	6.823405	1.000000
5.998642	7.580093	6.776696	1.000000
5.258321	0.082154	7.573685	1.000000
6.045261	6.832424	7.579929	1.000000
6.695026	0.836672	0.790380	1.000000
7.470484	1.504071	0.762985	1.000000
6.727626	1.578418	1.554670	1.000000
7.530487	0.709932	1.551871	1.000000
6.766631	0.824013	2.249817	1.000000
7.475413	1.606867	2.266356	1.000000
6.732795	1.552003	3.095591	1.000000
7.487281	0.746772	3.072280	1.000000
6.722736	0.851097	3.831508	1.000000
7.504326	1.550287	3.780284	1.000000
6.659313	1.597375	4.570919	1.000000
7.539546	0.846844	4.521659	1.000000
6.655525	0.828536	5.305435	1.000000
7.471066	1.574024	5.271450	1.000000
6.724022	1.575204	6.050098	1.000000
7.482460	0.858719	6.002349	1.000000
6.709259	0.773418	6.807279	1.000000
7.489148	1.542041	6.838348	1.000000
6.703822	1.571424	7.518475	1.000000
7.393722	0.832280	7.549267	1.000000
6.733283	2.329073	0.775104	1.000000
7.475976	3.069068	0.845685	1.000000
6.742895	3.038772	1.530090	1.000000
7.533436	2.287941	1.524440	1.000000
6.729368	2.320853	2.271008	1.000000
7.544032	3.073978	2.358265	1.000000
6.727711	3.004467	3.011604	1.000000
7.502638	2.311203	3.013491	1.000000
6.760469	2.340788	3.830995	1.000000
7.481622	3.083208	3.717376	1.000000
6.788852	3.072656	4.566547	1.000000
7.544380	2.288686	4.543283	1.000000
6.817279	2.326263	5.361393	1.000000
7.501758	3.058495	5.283551	1.000000
6.815131	3.100449	6.098200	1.000000
7.566442	2.290315	6.026459	1.000000
6.796271	2.306654	6.821117	1.000000
7.525464	3.111895	6.872737	1.000000
6.732511	3.126558	0.012893	1.000000
7.470087	2.387565	0.035158	1.000000
6.766289	3.808410	0.787606	1.000000
7.479464	4.528728	0.800671	1.000000
6.708384	4.532861	1.556618	1.000000
7.418243	3.833432	1.665449	1.000000
6.664515	3.780137	2.346000	1.000000
7.532583	4.607033	2.291790	1.000000
6.826190	4.660618	3.054437	1.000000
7.465594	3.861186	3.019051	1.000000
6.780363	3.796894	3.764112	1.000000
7.506041	4.592915	3.837026	1.000000
6.670059	4.569450	4.557603	1.000000
7.465887	3.881267	4.565864	1.000000
6.771714	3.867381	5.345981	1.000000
7.503643	4.628784	5.258188	1.000000
6.799622	4.585293	6.053078	1.000000
7.515385	3.863394	6.062312	1.000000
6.812063	3.868212	6.793063	1.000000
0.014670	4.570210	6.896125	1.000000
6.865371	4.593275	7.580072	1.000000
7.477444	3.800938	0.019095	1.000000
6.853569	5.368409	0.839604	1.000000
7.502626	6.140755	0.750594	1.000000
6.835731	6.087847	1.551240	1.000000
0.002091	5.358113	1.615643	1.000000
6.802518	5.315703	2.250464	1.000000
7.503595	6.094784	2.300756	1.000000
6.711691	6.039094	3.052628	1.000000
7.533820	5.407560	3.047705	1.000000
6.820793	5.355482	3.824002	1.000000
7.530199	6.066470	3.850210	1.000000
6.790515	6.204348	4.550450	1.000000
7.540568	5.341734	4.543973	1.000000
6.767648	5.334114	5.204249	1.000000
7.532911	6.092362	5.268505	1.000000
6.838184	6.071537	6.059423	1.000000
7.545561	5.358807	5.995542	1.000000
6.891939	5.305118	6.773453	1.000000
7.583779	6.053497	6.813009	1.000000
6.841733	6.091146	7.502254	1.000000
7.552869	5.350306	0.024732	1.000000
6.749539	6.823945	0.779366	1.000000
7.494911	0.043815	0.737223	1.000000
6.721681	0.077238	1.519770	1.000000
7.560924	6.903492	1.601948	1.000000
6.730717	6.884377	2.379761	1.000000
7.478472	0.061687	2.338290	1.000000
6.759803	0.049436	3.112531	1.000000
7.532084	6.835291	3.006935	1.000000
6.758006	6.899695	3.832245	1.000000
7.583586	0.082499	3.857708	1.000000
6.762770	0.055280	4.551282	1.000000
7.476066	6.937073	4.534988	1.000000
6.777791	6.885780	5.332613	1.000000
7.462904	0.043744	5.274748	1.000000
6.773447	0.081682	6.042423	1.000000
7.534331	6.888014	6.070696	1.000000
6.752750	6.903916	6.760929	1.000000
7.481726	0.052703	6.813689	1.000000
6.648162	0.075070	7.564951	1.000000
7.398248	6.948214	7.560299	1.000000
