500
0.000000 7.584713
0.000000 7.584713
0.000000 7.584713
2.553403	7.414184	1.430310	1.000000
5.762685	1.407434	1.250732	1.000000
0.726674	0.513996	1.183889	1.000000
3.387743	4.052457	6.167329	1.000000
0.963917	0.987987	3.522872	1.000000
7.279849	0.927964	4.348153	1.000000
6.012802	4.766189	2.249131	1.000000
6.333673	5.131457	6.239247	1.000000
4.737990	4.494312	3.845804	1.000000
0.177216	0.528677	4.253432	1.000000
5.518126	3.143413	0.571810	1.000000
5.133443	0.672264	3.180692	1.000000
4.125013	1.662755	5.956111	1.000000
5.738166	7.089745	1.117577	1.000000
4.190786	6.632645	0.008299	1.000000
1.302177	7.568740	6.253057	1.000000
1.696934	6.266970	4.228630	1.000000
6.414052	4.641573	6.934881	1.000000
5.379476	4.723127	6.526550	1.000000
6.991205	3.622361	6.673430	1.000000
7.008430	0.147356	6.202919	1.000000
3.019434	5.330265	7.473142	1.000000
6.094417	5.399144	0.819462	1.000000
4.864384	3.021908	0.893591	1.000000
5.003558	5.784983	0.304103	1.000000
3.989566	2.324634	6.873583	1.000000
0.105356	5.518928	5.555193	1.000000
6.257220	4.920445	2.488145	1.000000
7.392918	2.788137	1.694872	1.000000
2.183421	3.244570	3.987866	1.000000
4.622898	7.503650	6.253046	1.000000
4.832741	5.420418	2.039749	1.000000
5.865794	2.082729	6.759957	1.000000
5.033974	1.574573	3.404299	1.000000
2.363090	3.831029	5.191347	1.000000
2.833014	4.126992	5.650864	1.000000
4.568988	6.809797	7.433374	1.000000
3.041982	3.224228	0.728005	1.000000
6.428536	0.897816	5.629528	1.000000
3.529728	7.325815	3.961271	1.000000
1.354064	5.154356	5.728254	1.000000
2.080815	3.286091	1.610494	1.000000
2.848949	0.343653	1.452954	1.000000
7.387432	1.572369	5.597398	1.000000
0.891794	4.723772	7.277749	1.000000
5.099808	2.131083	7.047478	1.000000
3.886228	6.880136	3.797172	1.000000
4.759290	3.985813	4.525463	1.000000
3.953189	6.333233	0.469287	1.000000
1.208769	7.068971	5.181151	1.000000
3.872918	5.758526	7.567613	1.000000
4.441389	6.715428	7.569123	1.000000
3.272720	0.783408	4.565327	1.000000
1.954517	7.160551	0.819812	1.000000
1.934113	5.656070	6.092422	1.000000
0.151555	0.215486	4.480942	1.000000
1.494537	3.110052	1.133008	1.000000
1.849611	1.218066	7.213308	1.000000
2.709397	5.851528	3.649075	1.000000
5.441426	0.580040	4.846620	1.000000
0.596621	3.740031	4.939164	1.000000
2.941407	1.411603	0.566243	1.000000
0.168090	5.309914	6.741675	1.000000
2.883727	6.170556	7.155427	1.000000
4.096132	4.129340	6.165726	1.000000
7.531293	3.554380	6.283055	1.000000
6.228647	3.274204	2.994269	1.000000
7.440055	4.647489	7.433559	1.000000
4.294966	0.061386	7.030417	1.000000
6.674289	3.693596	3.105270	1.000000
0.562180	0.605691	3.847668	1.000000
5.180171	5.089035	3.668370	1.000000
3.805186	1.049399	1.656041	1.000000
1.025563	0.936117	0.494215	1.000000
4.651575	1.053477	0.101359	1.000000
5.717563	6.930246	3.275728	1.000000
0.595817	0.853845	6.915723	1.000000
3.600528	0.383284	4.543797	1.000000
7.183877	2.980020	2.937935	1.000000
1.583902	2.820071	0.424852	1.000000
4.509461	7.567567	2.048265	1.000000
2.746156	5.188423	3.986309	1.000000
3.002501	2.110267	7.251696	1.000000
2.259023	2.239420	3.907808	1.000000
0.862723	0.859669	5.125332	1.000000
4.593365	4.566127	2.596766	1.000000
6.253895	1.329172	2.278831	1.000000
3.141779	4.467701	3.953047	1.000000
1.789330	1.486280	7.117781	1.000000
4.486693	3.397987	1.635524	1.000000
2.570556	5.093454	3.363322	1.000000
5.764682	2.510482	2.896731	1.000000
0.646032	2.996032	2.681520	1.000000
0.582845	4.138917	5.476078	1.000000
0.203959	1.401168	5.174701	1.000000
2.675416	4.870746	0.048814	1.000000
5.120120	6.190618	4.280329	1.000000
3.853089	1.703241	1.142570	1.000000
3.476595	4.654642	6.756475	1.000000
2.438674	3.773875	7.129168	1.000000
6.340010	4.110472	0.574891	1.000000
3.938791	6.344163	1.487118	1.000000
2.425166	1.205285	0.714412	1.000000
7.458137	1.968919	1.918218	1.000000
3.664710	1.041282	0.962029	1.000000
2.164894	5.422051	6.761783	1.000000
7.333615	4.733709	0.143215	1.000000
3.407135	1.187132	0.266800	1.000000
1.857334	3.924967	1.869750	1.000000
6.851711	5.941238	6.028267	1.000000
3.041583	6.966907	3.204792	1.000000
0.027248	1.582840	3.793804	1.000000
4.144729	2.710439	2.753857	1.000000
0.173179	5.311280	0.603107	1.000000
3.001590	7.221818	7.316498	1.000000
7.145941	2.696325	3.074492	1.000000
0.789694	1.965655	5.468540	1.000000
2.391774	0.613063	6.771931	1.000000
6.580253	1.418829	5.367338	1.000000
1.863032	6.405370	2.438897	1.000000
7.321026	2.830756	6.625134	1.000000
6.169789	6.943837	3.014774	1.000000
5.839211	1.687700	6.580289	1.000000
3.681729	2.989467	4.048207	1.000000
4.381909	2.688828	5.852725	1.000000
6.012799	1.478850	0.952285	1.000000
4.759684	7.273803	4.427146	1.000000
0.109545	6.386520	0.689254	1.000000
2.915993	4.238257	7.375257	1.000000
1.263799	4.004714	2.662785	1.000000
3.145183	5.739373	5.487178	1.000000
0.470604	4.167623	0.700643	1.000000
2.989057	3.795515	0.180159	1.000000
7.146764	4.258974	0.737776	1.000000
1.825658	0.078198	5.205902	1.000000
3.692084	7.411886	4.588061	1.000000
2.609807	4.690429	3.014567	1.000000
4.715483	1.454848	2.138988	1.000000
2.779067	5.367718	4.538209	1.000000
1.708455	2.109489	0.029240	1.000000
1.399420	2.018685	0.594585	1.000000
1.447111	3.433563	3.589321	1.000000
4.178020	3.732345	5.020479	1.000000
5.951238	7.529639	3.837907	1.000000
1.330640	3.980509	6.445873	1.000000
1.997961	4.748532	6.921672	1.000000
6.932586	0.919876	3.650636	1.000000
0.407691	4.146751	4.545903	1.000000
5.041303	6.991741	6.995836	1.000000
2.022616	1.484514	4.486222	1.000000
7.088580	2.988038	0.318999	1.000000
4.458576	1.263412	6.227410	1.000000
6.073023	5.411270	2.649271	1.000000
0.711216	4.971922	7.469762	1.000000
5.745707	4.032699	2.474923	1.000000
4.953151	3.169429	0.648318	1.000000
6.350055	2.797160	1.189423	1.000000
6.181845	1.973284	7.326102	1.000000
6.201231	0.722638	5.911404	1.000000
2.618999	2.362556	3.173882	1.000000
5.408426	5.791181	2.611810	1.000000
6.821018	0.780353	3.431799	1.000000
1.813702	5.974809	1.576112	1.000000
7.512483	6.534753	1.039434	1.000000
5.023848	0.402069	4.539380	1.000000
1.696163	2.901954	7.460902	1.000000
4.529980	4.977632	6.818828	1.000000
5.848644	3.290489	5.943362	1.000000
4.699099	0.735482	5.284169	1.000000
0.052659	5.405015	4.016335	1.000000
3.743713	1.097191	0.951781	1.000000
4.769952	1.929494	5.880198	1.000000
0.758513	6.737188	0.494928	1.000000
4.880591	3.716770	3.767704	1.000000
0.246417	3.551449	1.063757	1.000000
1.846651	3.783196	7.372738	1.000000
3.408285	6.508632	6.056350	1.000000
2.668430	1.076746	7.480015	1.000000
5.049124	0.772565	6.934117	1.000000
3.201456	3.667086	1.576144	1.000000
5.625237	2.502890	4.240590	1.000000
0.314355	4.285980	5.232654	1.000000
0.844303	5.721943	7.009325	1.000000
2.211710	2.319120	5.892343	1.000000
6.273136	4.029538	3.640478	1.000000
6.878482	0.395681	4.251122	1.000000
2.275631	6.598205	2.921770	1.000000
0.119397	1.585110	0.170070	1.000000
2.472497	1.985266	5.919216	1.000000
3.425738	3.641687	2.501619	1.000000
0.630805	6.304239	3.966258	1.000000
4.153210	1.881820	0.299937	1.000000
0.177665	0.119194	4.441129	1.000000
6.679312	7.405755	4.550435	1.000000
5.107496	3.350644	2.949424	1.000000
3.816168	0.969751	5.037532	1.000000
4.190547	6.471532	7.574752	1.000000
2.411810	0.431720	0.879241	1.000000
7.366460	0.408634	4.774458	1.000000
2.732796	7.044019	1.295985	1.000000
3.391526	6.570088	0.258569	1.000000
0.380854	2.315608	1.438942	1.000000
5.765596	6.821863	6.105442	1.000000
7.286818	2.698344	4.671955	1.000000
5.958732	4.426265	4.299579	1.000000
3.164423	0.462601	1.257605	1.000000
3.729707	6.225644	1.484508	1.000000
2.011488	6.195728	6.926644	1.000000
2.059128	5.607257	6.580882	1.000000
4.028086	0.098985	5.487295	1.000000
0.013067	1.003011	7.199823	1.000000
6.630784	0.353585	0.409941	1.000000
6.410903	5.166185	4.965654	1.000000
3.991483	0.895069	0.927249	1.000000
5.210276	6.484064	0.634102	1.000000
3.033405	2.846855	6.015916	1.000000
3.454493	3.799181	7.549596	1.000000
0.439400	6.486624	4.573350	1.000000
3.143476	1.597394	6.710607	1.000000
0.281091	2.766267	4.300060	1.000000
2.531591	0.869522	2.451390	1.000000
6.580974	5.723873	5.134669	1.000000
5.373525	6.796076	6.064836	1.000000
2.495856	4.835749	0.470274	1.000000
1.170592	1.886511	5.080293	1.000000
4.632161	5.653655	4.493253	1.000000
1.908481	2.069551	1.435315	1.000000
5.610163	2.203076	6.356868	1.000000
3.651375	2.172794	4.157887	1.000000
6.621830	3.881266	0.151871	1.000000
3.936294	5.492031	4.139336	1.000000
7.490915	2.089232	4.935717	1.000000
4.281392	0.080217	4.917155	1.000000
3.891447	5.929053	4.408323	1.000000
3.002998	2.875965	6.133773	1.000000
7.168745	2.221153	5.647398	1.000000
4.916332	0.023453	6.434554	1.000000
2.613999	0.425204	1.082831	1.000000
0.027522	6.089943	4.141274	1.000000
3.093308	2.071011	4.835725	1.000000
5.370920	6.942062	0.234805	1.000000
2.467548	2.651614	2.595914	1.000000
5.547695	6.938859	6.314893	1.000000
1.167451	2.462139	0.884287	1.000000
0.223237	5.049472	0.038492	1.000000
6.148821	1.090261	0.300401	1.000000
2.541866	1.142479	7.327486	1.000000
1.279777	3.126931	7.147193	1.000000
6.223501	2.582807	2.590126	1.000000
0.041904	4.551707	2.865451	1.000000
6.784706	5.580256	1.996929	1.000000
7.064596	3.634028	3.379069	1.000000
6.482957	5.546044	2.443512	1.000000
1.721317	0.550385	1.141052	1.000000
3.883225	3.908408	4.911324	1.000000
6.752859	1.203219	4.141838	1.000000
5.657958	5.844261	0.347536	1.000000
5.075355	3.954680	4.540657	1.000000
5.058428	5.674322	6.424996	1.000000
1.168943	3.587046	5.583382	1.000000
3.366784	1.604710	5.163053	1.000000
1.767832	1.450778	6.179243	1.000000
6.966269	1.036785	1.451317	1.000000
1.221428	1.252299	5.627365	1.000000
0.277071	3.076956	6.267087	1.000000
4.468825	2.203434	5.556922	1.000000
0.721056	4.270051	0.495892	1.000000
5.503362	2.588327	5.730059	1.000000
4.939687	3.923096	7.325334	1.000000
0.621663	0.953010	5.448191	1.000000
0.791645	3.498819	4.862117	1.000000
2.127449	4.036917	1.591390	1.000000
2.180801	7.328162	4.276211	1.000000
0.246444	6.949361	6.580661	1.000000
6.344845	0.883904	3.040347	1.000000
2.249176	6.730890	3.946814	1.000000
1.164735	6.245015	1.524575	1.000000
6.545594	0.659140	2.128915	1.000000
3.202024	7.040270	0.506256	1.000000
5.216410	4.025132	7.057788	1.000000
1.548449	1.468166	3.516445	1.000000
3.951567	1.154145	4.641217	1.000000
5.302027	4.658459	1.634826	1.000000
1.211222	1.385884	0.575134	1.000000
5.361134	4.930494	1.750233	1.000000
1.065024	6.299407	0.796490	1.000000
1.409117	1.798920	3.992502	1.000000
2.321576	2.537853	3.785827	1.000000
4.166318	2.448660	5.864956	1.000000
1.083170	3.552291	1.305546	1.000000
6.072534	5.407405	5.140918	1.000000
5.131959	5.866838	7.510562	1.000000
4.150413	1.834347	6.963567	1.000000
1.616337	3.330323	6.354146	1.000000
3.193131	4.642227	1.693862	1.000000
5.484576	6.041996	0.468485	1.000000
2.665047	3.461633	5.047532	1.000000
1.137634	7.135516	1.188132	1.000000
1.830423	5.096070	6.487912	1.000000
5.197914	3.699514	1.612409	1.000000
0.275535	2.700418	2.136225	1.000000
2.003348	3.328893	2.945272	1.000000
2.613521	5.702446	2.711160	1.000000
4.394293	5.311957	3.816674	1.000000
2.366812	5.159563	6.221616	1.000000
3.042469	2.673933	4.589254	1.000000
5.203430	7.221897	7.032912	1.000000
1.404057	0.054318	3.495777	1.000000
4.794854	0.268671	1.204774	1.000000
5.391399	3.126320	5.299929	1.000000
5.534273	4.160411	1.999738	1.000000
3.374534	0.403475	5.755678	1.000000
0.789860	2.839814	6.665087	1.000000
0.780135	5.219751	5.933160	1.000000
2.623088	6.946025	5.209308	1.000000
6.882647	3.566557	3.285255	1.000000
7.333883	0.968028	6.891941	1.000000
3.736930	4.595363	5.547323	1.000000
5.825350	4.081536	2.267474	1.000000
7.570035	6.486923	1.832412	1.000000
4.554827	6.316259	5.417965	1.000000
6.583464	3.955374	3.932776	1.000000
4.543260	2.813228	5.715918	1.000000
2.785345	4.814257	4.675037	1.000000
2.133943	1.032801	5.132886	1.000000
0.509480	3.705814	5.588540	1.000000
2.506235	2.422080	1.813957	1.000000
1.240333	4.761601	6.306064	1.000000
1.883629	2.329929	6.215895	1.000000
2.266930	0.747135	3.637601	1.000000
5.054065	2.392799	1.110627	1.000000
2.501453	1.557574	3.813193	1.000000
2.575269	3.494301	5.307074	1.000000
2.860553	0.580720	5.015415	1.000000
6.394226	0.423657	5.963444	1.000000
2.837237	1.063787	0.506258	1.000000
7.463418	3.614792	4.544168	1.000000
5.417814	3.184223	0.622524	1.000000
3.386429	7.112052	7.177014	1.000000
3.763813	7.051700	3.741626	1.000000
3.417970	5.234177	4.702126	1.000000
0.522541	7.254069	4.264971	1.000000
0.823330	5.900921	5.252046	1.000000
2.892804	2.954767	3.886166	1.000000
4.044772	6.917741	2.896843	1.000000
5.065572	1.714889	3.409636	1.000000
0.701660	3.535382	6.004562	1.000000
0.863675	3.007413	3.656393	1.000000
1.175173	4.286028	6.610052	1.000000
3.884568	4.561941	1.306962	1.000000
1.481536	6.045848	4.463153	1.000000
7.271445	2.447532	5.385583	1.000000
0.460663	2.695705	2.748031	1.000000
0.196550	3.833351	5.534774	1.000000
6.714485	6.733907	4.063225	1.000000
4.117380	5.129839	5.756416	1.000000
5.958874	6.460664	0.626089	1.000000
6.593307	5.564200	6.274205	1.000000
5.471957	5.919543	0.171995	1.000000
4.028615	1.057292	5.996125	1.000000
7.262086	5.052779	0.672281	1.000000
1.155557	5.864073	5.708763	1.000000
2.118870	6.935761	4.476143	1.000000
2.664398	0.524834	4.535563	1.000000
3.018898	5.759851	7.583374	1.000000
1.591175	2.292737	6.440333	1.000000
1.169030	6.754188	2.428250	1.000000
6.761746	5.012825	6.416273	1.000000
2.081804	1.193948	0.355308	1.000000
0.744298	6.956826	7.405286	1.000000
0.983348	6.510297	6.570707	1.000000
5.994039	4.813234	2.985184	1.000000
1.323384	0.036820	5.275101	1.000000
3.443369	6.539494	7.326605	1.000000
2.769875	2.655762	4.746505	1.000000
3.044215	4.002775	3.566318	1.000000
2.871320	1.842397	5.848451	1.000000
1.927713	3.606075	3.651770	1.000000
3.939863	3.435636	1.741253	1.000000
5.085208	6.069105	1.037563	1.000000
7.009547	6.117225	3.329281	1.000000
6.475091	2.445227	4.781519	1.000000
0.533624	1.800798	5.080768	1.000000
5.032592	1.000132	3.427477	1.000000
5.434248	3.851039	1.606674	1.000000
1.719070	3.037109	4.252231	1.000000
3.912105	4.357617	0.721765	1.000000
3.171561	0.632958	1.673345	1.000000
4.812590	0.687366	6.250512	1.000000
0.477973	0.634622	0.946319	1.000000
1.243819	1.952425	5.977956	1.000000
5.323745	1.354120	6.186723	1.000000
4.509045	3.989997	3.327529	1.000000
7.313965	1.978938	0.069806	1.000000
3.624487	1.824505	0.763222	1.000000
4.894723	0.946445	6.887400	1.000000
5.055925	3.152299	4.185116	1.000000
4.387620	3.970005	0.167852	1.000000
0.075590	6.296522	4.963292	1.000000
2.334248	1.642849	4.737121	1.000000
3.413321	4.430616	0.899859	1.000000
6.448890	4.661673	2.957245	1.000000
5.918464	7.316811	0.789373	1.000000
3.017649	0.485089	1.196049	1.000000
5.261572	0.499574	3.333439	1.000000
1.278548	4.981039	3.582088	1.000000
3.494336	3.644278	7.419148	1.000000
7.195255	2.298454	7.241633	1.000000
3.307273	5.119637	6.542613	1.000000
2.785105	7.467743	0.701825	1.000000
7.070573	2.019463	1.668541	1.000000
7.009439	1.911921	4.468157	1.000000
3.075035	0.025299	4.091344	1.000000
1.152403	3.413190	2.631086	1.000000
2.370126	1.018371	3.878822	1.000000
6.049732	3.076240	2.722189	1.000000
1.020307	2.089142	7.391388	1.000000
4.310978	1.519578	6.543471	1.000000
3.441412	1.444832	0.296117	1.000000
7.275189	6.307233	7.001168	1.000000
0.533660	0.277924	4.938698	1.000000
3.003770	5.553097	4.141760	1.000000
6.778979	1.983782	4.074913	1.000000
3.244036	6.339460	5.991477	1.000000
3.033821	3.392091	3.064424	1.000000
2.235724	2.297251	6.024150	1.000000
3.494028	1.506077	1.226245	1.000000
1.024672	5.572625	4.338637	1.000000
1.656097	3.098980	5.184026	1.000000
5.364487	3.332423	2.759201	1.000000
2.229940	0.444808	1.510971	1.000000
7.011524	5.565382	3.223228	1.000000
0.578308	6.208211	0.684734	1.000000
5.336483	6.232995	0.099229	1.000000
1.731744	0.156061	5.821791	1.000000
1.906384	4.664975	1.995888	1.000000
1.553104	7.435154	6.229289	1.000000
5.763116	2.108415	0.514702	1.000000
4.568755	2.148326	5.451296	1.000000
3.354781	6.478034	7.232000	1.000000
5.174840	0.084122	5.091165	1.000000
3.807418	1.997953	0.866281	1.000000
5.148699	1.016347	4.609062	1.000000
3.054364	6.874529	6.269328	1.000000
1.622330	3.305452	1.498045	1.000000
2.226338	5.067231	7.462451	1.000000
5.720186	5.832119	1.800311	1.000000
7.179214	2.757403	7.532734	1.000000
2.263124	6.716633	7.309821	1.000000
3.135489	6.895335	2.064341	1.000000
1.456956	7.276156	6.694647	1.000000
3.652014	2.525497	1.612443	1.000000
3.019142	3.999766	1.943882	1.000000
5.314339	2.939258	3.487784	1.000000
6.305979	5.091080	3.968707	1.000000
3.694104	6.646673	4.611064	1.000000
3.263274	5.191387	7.349906	1.000000
0.431021	6.374167	1.350321	1.000000
1.139846	6.275490	5.517028	1.000000
5.198792	1.080609	3.403697	1.000000
3.971956	3.854143	6.439078	1.000000
3.674181	4.701891	5.482094	1.000000
5.133593	2.487553	3.868542	1.000000
2.106277	2.513902	3.521080	1.000000
0.351679	5.174643	0.877160	1.000000
5.032620	3.024456	6.302233	1.000000
6.974116	2.847922	3.533548	1.000000
5.639830	5.134324	7.365767	1.000000
4.904726	0.395960	4.267343	1.000000
1.520590	4.413398	3.019182	1.000000
3.700938	0.838144	1.213419	1.000000
3.900668	5.104873	7.052414	1.000000
2.046262	1.149385	2.088791	1.000000
7.484053	7.003620	0.962610	1.000000
0.688907	3.233342	4.555837	1.000000
7.430446	6.876304	2.003849	1.000000
5.441880	5.587133	5.238021	1.000000
3.827022	2.365565	1.756391	1.000000
2.173793	0.899515	2.144235	1.000000
3.219967	6.845755	1.054537	1.000000
3.811947	5.066227	5.634958	1.000000
4.135228	2.859473	5.679719	1.000000
5.366224	4.198827	3.959191	1.000000
4.905915	7.394473	3.926329	1.000000
0.756161	1.196517	6.898919	1.000000
0.740244	2.323204	6.176246	1.000000
1.923012	0.871196	3.334335	1.000000
3.425715	7.102382	2.905642	1.000000
2.547711	1.899869	1.028386	1.000000
3.398335	5.164788	6.963336	1.000000
2.445355	2.854231	3.443630	1.000000
4.675239	4.381734	7.175123	1.000000
3.471947	4.559627	4.679712	1.000000
3.418681	2.300995	6.288437	1.000000
1.816261	6.348658	3.998953	1.000000
2.720327	7.582978	2.750108	1.000000
1.096127	4.369407	3.784020	1.000000
5.616477	7.116559	0.201909	1.000000
1.989690	1.667297	4.926424	1.000000
3.597641	2.456235	3.356013	1.000000
