500
0.000000 7.584713
0.000000 7.584713
0.000000 7.584713
1.616246	4.850791	4.289845	1.000000
1.150072	6.833899	2.962492	1.000000
1.861957	0.155098	3.180869	1.000000
4.694790	1.836099	4.601791	1.000000
6.883906	3.861341	1.858631	1.000000
0.959362	0.342819	0.245244	1.000000
6.526506	3.841574	2.916505	1.000000
2.044541	3.477557	6.322305	1.000000
4.027616	1.474902	3.237861	1.000000
0.323294	0.315019	1.687455	1.000000
3.363197	5.665707	1.626913	1.000000
1.944811	3.763143	0.216089	1.000000
6.084354	2.277088	5.525339	1.000000
6.003185	6.825557	0.441437	1.000000
3.098525	0.092037	7.038222	1.000000
6.659213	2.269664	2.648944	1.000000
5.656336	5.623739	4.541203	1.000000
2.035027	2.618956	3.041420	1.000000
7.053239	6.491109	6.414748	1.000000
3.122434	1.437305	3.014590	1.000000
3.711607	6.794830	3.108835	1.000000
6.112290	2.676146	1.894522	1.000000
0.683890	6.962271	1.465006	1.000000
3.579994	2.352571	0.539516	1.000000
0.162113	4.070392	5.010134	1.000000
3.832771	2.602546	1.166115	1.000000
0.737638	1.516680	5.817040	1.000000
6.397895	1.889654	3.602646	1.000000
7.421617	6.111580	5.706011	1.000000
6.986862	4.086398	5.347314	1.000000
7.243129	0.567321	2.941838	1.000000
1.846682	2.048606	3.599065	1.000000
6.502017	4.273070	1.221198	1.000000
1.992994	3.263604	7.132622	1.000000
7.178960	5.561741	3.566521	1.000000
4.900411	6.413887	6.194468	1.000000
4.286672	7.063511	0.545370	1.000000
1.193394	5.823580	2.961835	1.000000
4.366607	6.764767	4.113954	1.000000
7.343616	6.126303	0.187917	1.000000
0.752900	6.174120	2.229909	1.000000
4.721851	3.334579	6.718074	1.000000
4.192139	4.209130	1.726120	1.000000
2.607203	1.125615	0.260687	1.000000
3.441456	0.610595	4.648487	1.000000
4.065949	0.025445	1.731027	1.000000
5.344121	4.767790	3.771435	1.000000
3.667992	2.685856	4.550090	1.000000
2.056249	5.672937	5.010110	1.000000
4.988147	0.254981	1.633421	1.000000
5.183306	3.446048	7.114677	1.000000
6.731109	3.612502	7.041219	1.000000
5.307383	7.100731	6.787500	1.000000
2.143469	0.715896	0.308369	1.000000
3.603887	7.422305	1.624414	1.000000
3.358892	3.310837	3.205376	1.000000
1.469795	5.439264	4.138333	1.000000
3.329409	0.912112	4.996778	1.000000
5.373401	6.579475	4.370124	1.000000
4.114204	0.641315	6.619631	1.000000
1.929440	6.192681	0.002496	1.000000
4.582118	3.252297	3.264229	1.000000
3.180657	7.538115	1.650619	1.000000
2.088366	7.139506	6.385218	1.000000
0.469716	2.231761	6.078602	1.000000
3.421596	6.043684	1.355129	1.000000
6.157359	5.214372	2.331554	1.000000
0.356295	4.137285	7.407560	1.000000
6.516862	1.880558	0.681295	1.000000
3.339608	2.731915	6.370036	1.000000
1.842409	2.533918	5.496033	1.000000
2.182761	0.547413	1.882664	1.000000
4.099655	5.183043	4.706151	1.000000
4.145623	3.405691	5.622052	1.000000
3.019684	3.054324	6.864133	1.000000
3.608439	4.803957	4.392490	1.000000
4.638424	7.286248	3.856288	1.000000
1.509731	7.235538	4.183109	1.000000
6.725806	6.057665	3.360781	1.000000
5.134724	0.145423	5.572341	1.000000
4.137551	1.561658	5.536251	1.000000
3.989071	2.992944	2.573428	1.000000
0.054106	0.589240	3.608575	1.000000
2.147155	4.272843	4.357420	1.000000
3.244493	2.717552	2.291851	1.000000
3.359765	4.225325	3.353667	1.000000
7.533859	0.010639	7.373447	1.000000
4.979744	1.472012	3.542725	1.000000
0.751918	2.242995	7.268670	1.000000
5.638770	4.640041	1.006219	1.000000
2.803494	3.773478	6.960367	1.000000
7.499756	4.483490	5.406007	1.000000
7.437596	3.078649	1.787361	1.000000
1.802883	6.242719	5.857737	1.000000
7.438136	4.445271	2.543450	1.000000
0.480349	7.189808	6.524922	1.000000
6.221358	3.209086	6.942973	1.000000
1.809676	6.051120	2.017078	1.000000
4.579809	4.142114	0.839796	1.000000
6.097335	0.146789	3.067700	1.000000
1.607538	6.876127	0.295702	1.000000
3.122211	4.096216	4.120900	1.000000
6.233299	0.182278	1.368784	1.000000
6.089158	2.903396	2.807527	1.000000
2.326456	5.440587	5.781839	1.000000
1.120258	3.562278	2.281343	1.000000
7.419231	5.481045	1.085150	1.000000
5.744310	3.848567	3.619852	1.000000
3.487836	6.911921	3.300147	1.000000
4.745364	5.980655	6.035108	1.000000
2.173641	5.142467	4.922163	1.000000
7.460547	4.394667	3.467721	1.000000
6.320802	0.271709	4.723565	1.000000
6.893476	6.116058	7.046898	1.000000
5.802032	4.410502	2.624635	1.000000
6.256730	1.311569	0.164968	1.000000
2.338368	5.871839	3.030344	1.000000
3.267628	1.403122	0.688439	1.000000
6.130631	5.417828	7.365974	1.000000
1.852812	1.602525	5.720092	1.000000
0.049876	2.837712	6.448196	1.000000
2.432644	5.263271	3.284208	1.000000
1.612881	0.926059	6.632198	1.000000
6.501606	2.422047	3.843846	1.000000
1.699696	7.318953	6.833885	1.000000
1.227985	5.257269	4.180712	1.000000
1.859184	5.193886	4.831992	1.000000
7.120919	2.742375	6.992252	1.000000
7.460246	4.154639	4.020944	1.000000
2.862149	7.557168	2.050544	1.000000
2.839088	4.610738	3.056208	1.000000
7.138257	7.359801	7.028732	1.000000
6.545955	7.243892	0.448971	1.000000
4.710580	0.726299	4.267126	1.000000
1.496567	7.425003	1.218104	1.000000
4.313778	6.528366	0.692468	1.000000
3.189554	2.206260	5.852505	1.000000
3.286131	1.628967	5.026705	1.000000
1.420503	2.749510	5.691777	1.000000
7.321324	1.857409	4.915094	1.000000
7.389777	4.417577	2.072413	1.000000
2.166392	4.561572	0.164506	1.000000
1.468268	5.065456	6.074095	1.000000
4.612091	7.474981	7.039881	1.000000
0.605844	6.570435	5.449274	1.000000
4.853087	0.269303	6.940042	1.000000
5.330043	6.463256	1.207661	1.000000
4.237693	5.863600	1.669961	1.000000
7.087836	6.344140	1.032635	1.000000
5.695059	5.952902	2.081124	1.000000
4.012543	1.567571	7.512229	1.000000
0.034796	5.283318	3.601541	1.000000
4.292030	2.989864	3.113912	1.000000
7.469954	4.917729	5.115689	1.000000
0.299809	5.590010	4.983819	1.000000
4.087676	2.370154	5.804481	1.000000
0.240213	0.793350	1.957635	1.000000
3.688413	6.433972	7.295949	1.000000
6.735396	1.396874	0.736244	1.000000
2.006585	3.013121	5.124310	1.000000
6.351136	1.410005	5.359690	1.000000
7.495796	1.623541	6.202848	1.000000
4.736113	4.309402	1.133899	1.000000
3.985926	3.287727	1.287559	1.000000
1.631596	1.574570	4.768253	1.000000
1.300137	1.237863	0.855448	1.000000
4.865796	2.123001	1.997669	1.000000
5.945956	2.772840	7.336772	1.000000
0.401323	5.589452	1.130127	1.000000
6.061286	0.044480	1.507424	1.000000
2.046001	5.775921	2.610919	1.000000
5.234925	4.078854	1.999650	1.000000
6.345675	5.355805	2.341175	1.000000
2.851551	4.441828	7.419604	1.000000
1.682997	4.779428	7.490534	1.000000
2.156324	7.026687	3.232336	1.000000
1.515004	3.673862	4.647683	1.000000
0.045903	4.514961	3.972608	1.000000
2.645588	5.701015	4.173716	1.000000
5.656033	1.533139	4.912698	1.000000
3.072764	7.473773	0.934355	1.000000
3.846196	3.705975	1.596762	1.000000
6.515948	3.356871	1.722575	1.000000
3.215865	0.939348	1.446308	1.000000
3.341522	0.382953	4.288083	1.000000
2.074141	1.499657	7.496944	1.000000
3.591223	2.973896	3.507357	1.000000
2.499873	7.029401	5.852882	1.000000
4.370744	2.006301	0.636633	1.000000
2.801255	3.716507	1.887731	1.000000
1.975167	3.878879	2.277204	1.000000
2.477543	6.314063	5.792226	1.000000
2.571885	4.100441	4.708035	1.000000
1.432239	6.788604	5.555828	1.000000
4.956755	1.797896	2.057525	1.000000
4.911934	0.699060	0.764363	1.000000
0.908777	5.992508	4.162999	1.000000
2.528273	3.610615	6.939952	1.000000
4.035718	5.337173	1.257115	1.000000
4.688024	2.997755	6.843720	1.000000
0.987702	3.796251	5.837201	1.000000
7.207710	1.153395	2.371407	1.000000
1.767418	5.031055	2.618267	1.000000
5.485045	3.492241	0.819931	1.000000
6.483712	7.037775	2.127746	1.000000
0.372271	7.192949	2.070834	1.000000
4.202933	0.132818	6.416146	1.000000
4.616430	1.205074	3.035481	1.000000
7.564081	4.930870	0.639432	1.000000
6.335401	2.962904	3.126540	1.000000
1.549957	4.016869	3.847140	1.000000
4.653467	4.262482	2.572240	1.000000
6.121489	4.704278	3.607579	1.000000
5.534750	3.351470	2.931091	1.000000
6.924764	3.313461	3.534680	1.000000
4.271816	4.923387	3.106977	1.000000
4.631333	5.342631	1.057896	1.000000
3.371286	1.426884	0.298322	1.000000
5.811564	4.704379	1.630655	1.000000
4.654202	3.960089	4.848312	1.000000
0.713912	4.033599	5.481541	1.000000
5.639327	0.263659	2.205175	1.000000
1.742474	2.866715	0.940074	1.000000
1.867020	3.896591	1.618758	1.000000
1.695956	5.385670	5.182926	1.000000
0.261345	6.380347	0.865471	1.000000
1.973008	0.194418	0.295644	1.000000
2.529579	3.796983	6.379114	1.000000
0.172211	2.512605	5.419849	1.000000
2.237421	3.812224	6.385915	1.000000
6.491408	3.811812	3.742730	1.000000
2.016881	3.634139	1.113231	1.000000
7.278834	3.449678	0.774392	1.000000
2.360652	3.963686	0.762364	1.000000
5.732997	3.247720	0.708390	1.000000
6.249879	1.465849	6.609866	1.000000
5.100959	6.384216	6.066031	1.000000
1.406233	6.746305	0.982593	1.000000
2.512001	6.750066	4.033741	1.000000
0.391591	0.079079	3.938566	1.000000
6.478608	1.463608	0.106236	1.000000
4.636216	4.737193	3.782705	1.000000
6.016293	4.309135	6.185259	1.000000
2.610708	6.591451	2.058194	1.000000
4.562507	3.989332	1.120635	1.000000
1.641295	7.195456	1.755288	1.000000
7.442298	6.209721	7.320688	1.000000
1.594853	4.793473	3.932761	1.000000
5.105797	4.594226	6.823604	1.000000
2.138222	0.756001	5.210239	1.000000
6.622060	2.897556	4.117235	1.000000
3.365626	6.856863	6.788470	1.000000
1.137863	4.675456	0.482631	1.000000
5.652581	3.145174	3.481034	1.000000
2.005241	2.225581	1.991773	1.000000
7.276512	3.565710	3.599971	1.000000
4.281691	0.808924	6.571818	1.000000
0.236649	0.616347	4.471625	1.000000
3.875178	1.477955	5.840166	1.000000
3.094737	4.394654	7.371042	1.000000
5.063520	5.571198	0.587581	1.000000
1.642522	1.047338	3.297104	1.000000
5.070334	1.135904	7.133783	1.000000
2.461623	2.529315	0.961936	1.000000
3.484219	3.749411	1.418807	1.000000
3.273841	7.442326	6.239455	1.000000
5.487159	2.119133	4.394227	1.000000
2.281628	3.863302	1.163359	1.000000
2.251840	2.018934	3.126982	1.000000
3.854363	1.923148	2.001550	1.000000
1.618445	2.587084	0.435828	1.000000
5.610745	1.046136	7.573730	1.000000
1.988272	2.614672	3.144331	1.000000
0.489111	7.502691	6.163373	1.000000
6.057178	2.719849	4.006129	1.000000
0.322519	0.787755	2.283739	1.000000
7.444709	2.743765	2.279445	1.000000
2.178772	1.956443	4.884479	1.000000
1.089645	2.860773	0.472477	1.000000
2.716762	1.776687	5.180755	1.000000
5.485675	4.808722	3.221097	1.000000
3.203135	0.513693	5.595935	1.000000
4.711796	0.204900	7.100644	1.000000
3.499365	1.952254	6.887234	1.000000
0.489606	0.761571	1.204832	1.000000
1.064005	2.823016	0.592819	1.000000
5.434962	5.273941	1.457514	1.000000
2.365021	2.260591	7.500106	1.000000
5.140443	5.353313	2.293417	1.000000
5.668796	1.484957	1.532325	1.000000
0.205252	5.376561	5.964602	1.000000
1.619132	4.502203	3.343566	1.000000
4.849127	5.254266	5.227306	1.000000
3.447653	3.509612	4.957612	1.000000
5.529826	2.702261	7.069290	1.000000
1.579267	3.340295	1.383126	1.000000
6.697144	1.525351	2.435621	1.000000
7.274130	4.110585	5.684366	1.000000
5.190354	4.805242	0.131653	1.000000
4.024954	3.789111	7.426849	1.000000
3.216418	1.294374	5.144137	1.000000
0.046658	1.091978	5.548755	1.000000
4.704537	3.913167	2.273717	1.000000
6.404085	0.658161	3.945111	1.000000
7.081952	5.325450	1.859991	1.000000
0.693693	1.462246	5.196320	1.000000
6.386261	1.020119	2.236356	1.000000
0.453859	6.126188	0.216834	1.000000
6.100717	0.815977	0.636996	1.000000
6.680907	0.619561	5.229509	1.000000
7.475084	0.963189	6.107905	1.000000
5.997123	6.760714	7.174300	1.000000
7.027720	6.323416	3.025012	1.000000
3.843394	4.028721	5.846409	1.000000
5.477862	5.664866	0.474322	1.000000
0.804809	2.721367	7.200080	1.000000
3.658578	6.491379	3.963669	1.000000
4.010004	4.423930	1.867233	1.000000
5.366121	1.881929	4.596433	1.000000
1.351530	2.986487	3.657936	1.000000
5.465006	5.982748	6.794017	1.000000
5.142249	5.496794	6.435351	1.000000
2.765953	1.268104	3.892678	1.000000
3.663567	1.373868	0.513184	1.000000
3.661313	3.882013	6.339436	1.000000
6.009757	7.255855	2.967409	1.000000
5.616087	3.792018	5.990702	1.000000
7.067752	2.682004	0.397967	1.000000
3.396558	2.191254	1.259845	1.000000
4.992857	6.180679	0.469128	1.000000
0.584643	5.328608	6.371977	1.000000
5.887487	2.828539	3.249809	1.000000
2.871161	1.989583	1.081748	1.000000
4.214170	7.509350	0.979521	1.000000
2.101947	5.621355	3.324505	1.000000
0.784045	4.353682	7.471834	1.000000
5.334055	3.593232	5.370429	1.000000
4.468582	6.041300	3.636868	1.000000
2.083256	5.611316	3.590932	1.000000
6.983990	3.678340	2.446405	1.000000
5.675344	6.507993	5.970766	1.000000
0.002223	1.687765	1.690988	1.000000
1.128077	4.686177	2.505564	1.000000
5.918541	3.484750	2.681350	1.000000
5.261500	3.991364	1.471270	1.000000
6.147918	7.510677	4.374482	1.000000
0.248537	4.145403	6.951892	1.000000
5.261472	3.645944	0.653465	1.000000
3.241770	2.684195	0.373944	1.000000
6.205308	0.318730	4.085466	1.000000
7.544000	6.483295	6.777116	1.000000
6.353592	1.794084	2.980506	1.000000
2.442135	4.732141	7.186809	1.000000
5.080819	5.253060	1.398262	1.000000
1.076826	3.217708	6.285035	1.000000
0.478827	1.821854	4.505564	1.000000
2.542645	6.698934	1.903522	1.000000
0.557360	1.373197	5.173273	1.000000
3.603633	0.374150	0.417810	1.000000
0.487611	2.495597	5.943856	1.000000
2.179456	0.752518	2.029627	1.000000
4.721098	4.355524	5.852062	1.000000
0.344674	0.659309	5.217398	1.000000
1.767222	6.108714	7.256341	1.000000
7.348865	2.492107	5.608630	1.000000
1.977326	4.380038	1.485889	1.000000
5.012614	7.041904	4.431666	1.000000
2.947048	4.771661	7.324606	1.000000
0.205821	3.537102	3.525386	1.000000
1.823810	6.619738	4.342586	1.000000
2.464841	2.077230	1.041907	1.000000
3.841114	6.588258	0.576715	1.000000
3.673782	3.266243	1.836116	1.000000
2.238303	6.174224	5.986675	1.000000
1.050162	0.472352	0.768529	1.000000
2.274516	6.298839	5.372891	1.000000
5.497036	6.876340	4.945758	1.000000
2.878730	3.315437	0.286841	1.000000
0.561413	3.765206	3.446299	1.000000
4.221012	5.949600	5.350264	1.000000
2.060875	7.535374	3.680847	1.000000
0.806742	6.448157	2.722774	1.000000
2.389708	4.289699	2.418988	1.000000
6.565911	1.468627	7.539406	1.000000
5.580384	3.395133	4.292133	1.000000
2.719897	2.342590	4.907973	1.000000
3.495467	3.421347	3.485333	1.000000
5.358866	7.386409	4.633766	1.000000
0.613907	7.256466	4.712462	1.000000
6.840297	1.954205	3.505412	1.000000
1.855496	2.134358	1.940193	1.000000
2.361612	6.502515	3.838917	1.000000
1.925985	6.944329	2.681924	1.000000
0.251851	3.334308	1.345985	1.000000
4.560783	1.154050	5.654013	1.000000
0.893674	3.313683	4.167156	1.000000
5.203903	4.785969	5.869737	1.000000
0.657980	4.666032	7.379847	1.000000
5.158148	3.621115	6.852193	1.000000
0.167157	7.452775	6.280745	1.000000
5.292162	6.908342	4.882328	1.000000
3.485890	5.288586	0.700830	1.000000
3.127296	4.359741	7.235334	1.000000
7.307069	2.003176	0.015553	1.000000
7.203368	6.958028	2.980333	1.000000
4.842758	3.653369	1.806382	1.000000
3.682061	7.128175	0.328872	1.000000
1.942908	1.798552	6.034572	1.000000
3.544637	0.976551	4.241235	1.000000
4.487432	5.243102	1.731245	1.000000
4.563222	2.659586	2.011373	1.000000
0.381358	1.293664	0.739366	1.000000
1.064124	3.669591	1.166733	1.000000
6.179356	4.406816	1.692387	1.000000
0.096153	1.251293	6.364361	1.000000
5.219604	2.473091	5.725478	1.000000
7.555983	1.614651	5.298491	1.000000
4.582837	7.067021	0.964165	1.000000
4.441748	5.025582	1.456188	1.000000
2.934202	4.968746	4.722577	1.000000
0.093212	0.078039	3.288499	1.000000
2.664041	1.931867	6.935813	1.000000
7.525338	3.440266	0.697998	1.000000
1.076255	3.679570	3.898621	1.000000
6.885952	3.536069	2.506789	1.000000
5.286581	0.587370	2.308547	1.000000
0.631395	4.039814	3.293499	1.000000
3.057944	3.080880	4.850441	1.000000
4.940011	6.892187	4.107743	1.000000
7.411489	5.537460	5.969786	1.000000
0.300662	6.813870	7.133475	1.000000
5.726312	6.262063	1.897084	1.000000
0.243120	4.614660	2.120740	1.000000
5.717263	2.727987	5.762554	1.000000
3.152630	7.554217	4.753105	1.000000
5.834227	0.899245	2.386103	1.000000
5.104016	6.910876	6.223028	1.000000
0.975801	3.569761	1.221374	1.000000
0.021862	0.640726	6.174175	1.000000
2.249073	7.000146	5.145476	1.000000
4.168193	4.900796	0.100336	1.000000
2.210983	6.755854	0.752322	1.000000
4.795193	6.144376	7.489070	1.000000
1.716177	7.270416	5.265205	1.000000
6.949574	6.683393	0.366979	1.000000
5.937036	1.350839	6.205031	1.000000
4.835636	6.128419	3.123112	1.000000
5.688192	2.194543	3.246231	1.000000
6.881724	3.283974	5.230368	1.000000
7.231600	5.996315	4.235616	1.000000
0.995997	2.809556	6.919661	1.000000
0.069122	3.258158	3.101541	1.000000
2.597328	5.168315	2.718708	1.000000
0.933922	5.239605	2.057245	1.000000
0.892884	7.573753	0.872368	1.000000
3.024341	5.158902	0.580302	1.000000
6.556777	1.015768	6.261879	1.000000
6.967408	6.178439	4.566735	1.000000
4.125397	0.495043	4.916161	1.000000
3.187971	0.350870	5.056495	1.000000
6.252273	6.417363	5.042075	1.000000
7.136291	0.957354	2.833473	1.000000
2.579561	6.902034	4.751017	1.000000
7.098908	3.595794	3.111135	1.000000
5.510188	5.305007	5.061044	1.000000
5.089515	1.606833	3.977634	1.000000
4.924244	2.995245	4.082103	1.000000
3.330188	7.408054	7.159998	1.000000
5.680848	1.393539	6.904317	1.000000
1.854016	2.936896	6.054634	1.000000
6.282760	3.578611	2.483590	1.000000
5.683404	2.830953	2.254445	1.000000
2.302735	2.160894	0.498478	1.000000
6.440833	1.907219	2.428017	1.000000
4.417445	6.152902	5.428554	1.000000
5.209999	7.178494	5.544361	1.000000
0.658809	1.289841	6.638032	1.000000
3.622042	5.952362	5.037491	1.000000
7.106439	6.003188	5.129001	1.000000
0.552626	2.390640	6.356128	1.000000
3.730168	1.935562	4.422419	1.000000
4.729058	5.523175	7.407569	1.000000
2.641214	0.957721	6.831174	1.000000
6.043341	0.247776	1.694129	1.000000
6.028740	0.440126	4.685027	1.000000
6.261821	6.410001	5.847150	1.000000
2.448468	5.045180	2.421245	1.000000
1.811376	0.222014	1.862253	1.000000
2.192093	4.916790	4.431752	1.000000
1.971690	2.905749	3.774300	1.000000
2.091633	5.190190	7.184535	1.000000
5.679562	5.295145	4.280868	1.000000
5.532621	5.189225	1.089373	1.000000
2.900297	3.117117	5.948773	1.000000
6.024328	4.545257	5.345643	1.000000
7.550946	1.808594	5.587721	1.000000
1.943725	2.673429	3.820466	1.000000
1.183717	6.277430	0.094613	1.000000
3.187767	1.704006	5.352248	1.000000
5.458632	4.525416	3.229017	1.000000
