500
0.000000 7.584713
0.000000 7.584713
0.000000 7.584713
5.797897	4.162517	2.168173	1.000000
3.802707	6.063224	4.598931	1.000000
2.639941	0.105463	5.085498	1.000000
3.935356	5.816337	2.256397	1.000000
0.316425	2.147776	7.154117	1.000000
2.327636	6.774720	1.268772	1.000000
0.430943	2.876347	1.697856	1.000000
4.507169	1.760288	2.403565	1.000000
4.134183	4.791646	4.839362	1.000000
3.193293	4.282224	2.062178	1.000000
3.029902	3.849812	7.067932	1.000000
3.296080	5.941129	2.034310	1.000000
5.944537	1.356322	7.577810	1.000000
1.478507	4.530174	4.620545	1.000000
0.208515	6.520937	6.138373	1.000000
0.360847	0.148744	1.411289	1.000000
1.233967	5.477584	2.990226	1.000000
1.675942	5.242428	4.692439	1.000000
2.826488	3.871713	1.877213	1.000000
5.156799	6.822773	5.700761	1.000000
6.042698	6.196873	2.386014	1.000000
3.133919	4.324352	6.518677	1.000000
3.763749	4.956588	1.853240	1.000000
7.139356	6.111162	1.887332	1.000000
2.880230	4.226157	7.028655	1.000000
7.486305	2.926384	7.127730	1.000000
6.258858	7.230091	6.503317	1.000000
0.684625	2.188011	2.513362	1.000000
7.187204	4.071375	4.460239	1.000000
4.972844	6.915810	0.074863	1.000000
3.355313	5.630776	7.530977	1.000000
1.584523	4.264878	3.358508	1.000000
2.908357	4.303950	4.026664	1.000000
6.638178	5.265720	3.346278	1.000000
6.887740	7.119614	1.248766	1.000000
6.127199	1.006073	7.126375	1.000000
3.309481	7.473441	4.890346	1.000000
0.207827	6.529814	4.991835	1.000000
1.956476	5.495729	1.078703	1.000000
6.284071	2.809562	3.502810	1.000000
0.969278	3.028854	6.243175	1.000000
1.079966	0.417750	2.176954	1.000000
5.530114	4.681481	1.884158	1.000000
7.558356	5.587049	0.473157	1.000000
6.475630	3.555768	1.154314	1.000000
4.814881	5.500956	4.835971	1.000000
3.767929	4.901608	6.824699	1.000000
0.990169	1.795399	0.602439	1.000000
3.637551	5.262736	6.485459	1.000000
2.749286	3.825319	6.861286	1.000000
6.871074	6.541959	7.446811	1.000000
3.313227	4.393470	2.399933	1.000000
7.397501	1.723184	6.362296	1.000000
7.152221	0.087418	0.855146	1.000000
4.393600	2.334983	2.986420	1.000000
1.167049	4.198652	3.192299	1.000000
1.156706	4.711906	5.513120	1.000000
2.454605	4.733156	7.436730	1.000000
0.187492	6.602774	0.409244	1.000000
5.500101	3.146387	0.980549	1.000000
4.070127	4.269225	2.723935	1.000000
0.716592	2.752112	5.763526	1.000000
5.416748	5.482594	3.229754	1.000000
3.848484	2.366024	1.208814	1.000000
1.405997	1.433129	2.476005	1.000000
3.443894	5.935802	6.831755	1.000000
7.331460	2.870976	6.229788	1.000000
5.469541	5.864013	1.868674	1.000000
2.145087	7.045376	3.497572	1.000000
4.114116	1.077999	0.748638	1.000000
4.706049	2.206373	2.916863	1.000000
7.418685	2.507841	0.775050	1.000000
2.988801	2.723940	3.421454	1.000000
6.377255	5.212576	1.234610	1.000000
3.535229	5.272935	6.786148	1.000000
4.430774	5.105275	5.727081	1.000000
1.361442	1.825225	3.485213	1.000000
3.268733	4.282780	4.222629	1.000000
4.396110	0.045901	2.183573	1.000000
1.968496	5.030523	0.605790	1.000000
5.477858	0.705136	4.127978	1.000000
2.497367	2.566091	0.784027	1.000000
6.068967	5.360752	6.754142	1.000000
3.403651	3.405174	3.925925	1.000000
7.248222	1.100815	4.121814	1.000000
1.146124	7.157666	3.804969	1.000000
6.292064	3.929808	3.916557	1.000000
1.385210	6.447835	2.596389	1.000000
6.460674	1.412022	7.476402	1.000000
3.051101	7.224852	0.837311	1.000000
4.648861	3.792937	1.793349	1.000000
2.374977	0.455974	0.575873	1.000000
1.778942	2.838710	6.964067	1.000000
1.846510	3.031101	5.466306	1.000000
0.492235	6.669908	5.113918	1.000000
3.126530	4.377396	2.110891	1.000000
6.608940	1.836848	0.186096	1.000000
4.405101	0.897073	1.990415	1.000000
5.152917	1.659120	3.482842	1.000000
4.600581	6.331957	3.935632	1.000000
3.490822	4.202932	0.195550	1.000000
5.433911	0.831316	0.248917	1.000000
6.920189	6.643641	3.893359	1.000000
0.527314	4.108010	2.464743	1.000000
5.761420	0.021073	3.501951	1.000000
4.966792	2.557217	0.885045	1.000000
3.500160	6.108806	1.081344	1.000000
1.293075	6.922058	5.290323	1.000000
3.989885	5.775300	2.341101	1.000000
4.632689	5.372645	3.085461	1.000000
2.798785	0.874850	6.698866	1.000000
2.363018	6.957962	3.248504	1.000000
5.705892	5.262919	3.298251	1.000000
0.468283	3.759843	0.332853	1.000000
2.202670	5.965657	3.885305	1.000000
7.486455	6.244419	2.603932	1.000000
3.985409	7.260467	1.743214	1.000000
0.360527	3.863425	7.318991	1.000000
6.692942	1.974690	1.999670	1.000000
2.201960	6.319124	4.688049	1.000000
5.630280	5.123949	4.593384	1.000000
4.530733	2.305685	0.735534	1.000000
1.450641	5.340320	4.495382	1.000000
1.164610	4.280949	7.462527	1.000000
2.519244	4.394262	2.275261	1.000000
3.440797	2.891774	3.152541	1.000000
5.432256	4.337648	6.425588	1.000000
2.571457	4.753879	5.992560	1.000000
4.120025	0.660176	4.482350	1.000000
4.971883	4.409596	4.921037	1.000000
5.087749	5.061949	3.203148	1.000000
2.273446	2.925048	4.300080	1.000000
1.276138	3.872189	4.584284	1.000000
5.176170	6.007885	6.274112	1.000000
4.969301	4.345103	4.432279	1.000000
0.618432	6.348340	6.453891	1.000000
1.659079	0.247227	3.361943	1.000000
6.827144	5.679750	7.079539	1.000000
2.018507	3.287138	1.711448	1.000000
3.645385	1.679083	5.564144	1.000000
0.181486	6.510832	0.975158	1.000000
7.429677	5.944235	1.532380	1.000000
1.316600	4.845149	4.302703	1.000000
3.141354	3.780388	4.100599	1.000000
0.201936	0.789847	3.782384	1.000000
5.635272	2.996582	3.358472	1.000000
4.681826	4.655008	6.628246	1.000000
7.370635	2.337673	5.592856	1.000000
1.410191	3.355158	1.140745	1.000000
2.017362	6.142076	0.936437	1.000000
0.369449	5.479200	3.532982	1.000000
1.919536	5.734326	1.896759	1.000000
6.287756	5.910385	7.249818	1.000000
2.186356	3.738323	5.191459	1.000000
6.400338	7.094624	0.557575	1.000000
6.576848	1.773412	0.956039	1.000000
2.437389	2.142703	5.480522	1.000000
3.532140	2.907348	6.935197	1.000000
4.306442	1.219386	2.111925	1.000000
7.523809	5.757716	6.531383	1.000000
5.138858	5.172011	6.731876	1.000000
2.928661	6.331567	1.688913	1.000000
5.503272	0.271755	0.634973	1.000000
0.647125	4.843750	5.518393	1.000000
2.973975	0.858381	1.572739	1.000000
3.031606	0.716206	3.858606	1.000000
4.259050	0.410886	3.717554	1.000000
1.524372	3.181539	6.118823	1.000000
1.764976	2.945735	4.415770	1.000000
3.522469	5.252306	3.083906	1.000000
7.212779	4.415710	5.101214	1.000000
4.355909	3.789760	0.223977	1.000000
4.724662	2.501797	6.767602	1.000000
1.375307	5.753721	3.016757	1.000000
3.991358	4.739699	2.359897	1.000000
3.385278	6.571097	3.213806	1.000000
2.369368	3.361614	3.334247	1.000000
3.584363	1.354503	5.671023	1.000000
3.640014	5.757577	1.934927	1.000000
0.404464	3.917915	7.304707	1.000000
4.534858	4.349242	3.683250	1.000000
3.498105	5.888159	0.162302	1.000000
4.543887	1.645040	2.173058	1.000000
7.340485	6.695397	0.404144	1.000000
0.053309	0.067081	7.570531	1.000000
1.984429	2.354437	4.246498	1.000000
0.239691	7.202060	5.089826	1.000000
2.999340	1.972556	2.864422	1.000000
2.666788	1.684503	6.943716	1.000000
6.746306	2.983669	4.664990	1.000000
0.738314	4.093624	4.315721	1.000000
2.546206	6.072332	3.479464	1.000000
2.465616	1.879543	4.703791	1.000000
0.514941	6.778137	3.327901	1.000000
6.228063	1.866111	2.302391	1.000000
3.931496	1.788939	4.947127	1.000000
5.217746	0.452182	4.339608	1.000000
7.538544	1.943886	0.702128	1.000000
6.063959	2.086100	1.999206	1.000000
1.245928	6.310650	6.224577	1.000000
6.546168	4.072138	0.456436	1.000000
7.394249	5.652088	2.119409	1.000000
6.567733	6.300381	7.503165	1.000000
5.403557	1.082841	6.100409	1.000000
2.055997	3.893623	0.408852	1.000000
2.190807	3.731955	6.812261	1.000000
5.803520	5.484009	4.179506	1.000000
6.861172	4.353758	6.705795	1.000000
5.256514	3.700442	3.269142	1.000000
5.450089	4.678414	2.875248	1.000000
0.752819	4.157984	7.443692	1.000000
3.753805	2.910743	6.990528	1.000000
1.563925	7.491166	4.474255	1.000000
4.182759	1.968336	0.400231	1.000000
7.423238	4.449257	3.183465	1.000000
5.126920	3.196377	7.050439	1.000000
1.774215	7.304729	3.535707	1.000000
2.524590	2.236563	5.900445	1.000000
3.657118	1.874452	5.362214	1.000000
1.975286	5.155827	5.603778	1.000000
2.088344	3.838109	3.426078	1.000000
6.631647	6.902779	0.030199	1.000000
3.932444	6.283136	6.416497	1.000000
6.008348	3.341195	2.187559	1.000000
4.708274	4.288027	4.626629	1.000000
2.662610	0.322852	6.670300	1.000000
2.260250	7.286820	2.898483	1.000000
6.189705	7.580499	0.453325	1.000000
4.756778	4.966887	6.737497	1.000000
0.557408	1.866736	1.885395	1.000000
2.138115	2.591204	5.531464	1.000000
3.519644	6.099974	2.104735	1.000000
2.355854	4.516438	5.719286	1.000000
7.298680	6.814230	2.006931	1.000000
0.104690	1.062174	0.451597	1.000000
3.506127	6.664666	3.343931	1.000000
5.047645	4.768261	4.601575	1.000000
7.171688	2.552133	0.995922	1.000000
0.913794	2.004305	6.713909	1.000000
3.781558	1.720994	7.259081	1.000000
0.307880	6.539751	0.302717	1.000000
6.158245	2.971438	0.461135	1.000000
4.673994	4.073508	1.547576	1.000000
2.948276	5.230963	5.687300	1.000000
0.416716	2.696212	2.201823	1.000000
1.400754	6.558632	3.990053	1.000000
6.914367	4.835594	1.155299	1.000000
4.430789	1.734967	1.451865	1.000000
4.960446	5.005024	5.146267	1.000000
6.686285	0.710565	6.277767	1.000000
5.912182	5.390661	2.265275	1.000000
6.377768	6.143833	6.163460	1.000000
4.050089	0.211112	6.571798	1.000000
7.509530	6.933511	5.850924	1.000000
5.792573	5.583642	3.562085	1.000000
3.349473	7.517442	2.584797	1.000000
4.140913	6.480842	2.779073	1.000000
5.099766	6.258746	1.719731	1.000000
5.371549	6.010638	5.530274	1.000000
2.079241	0.334631	3.904811	1.000000
6.320769	4.424706	3.082422	1.000000
3.169981	4.624792	3.740841	1.000000
6.558252	6.280534	3.196686	1.000000
0.979109	3.042361	5.096235	1.000000
7.242365	3.927571	1.648344	1.000000
0.005225	3.151022	6.089849	1.000000
6.658846	6.414137	2.734869	1.000000
5.238829	0.084191	0.071306	1.000000
3.072116	7.227548	5.661605	1.000000
3.809761	0.194398	1.927718	1.000000
5.179358	3.570071	1.811123	1.000000
6.595788	5.989127	6.994700	1.000000
2.794953	5.018126	6.809957	1.000000
7.327210	4.615681	3.294996	1.000000
1.615312	0.430275	3.246836	1.000000
5.958630	0.372223	2.870182	1.000000
3.589917	5.360597	3.267101	1.000000
1.415212	5.304881	6.235663	1.000000
1.966179	2.116694	5.964865	1.000000
5.101099	7.178102	6.827019	1.000000
2.818252	0.075447	2.004615	1.000000
6.984983	4.793737	2.303856	1.000000
0.371775	4.681814	3.040876	1.000000
4.622193	2.763571	7.121268	1.000000
0.901092	4.615694	5.340804	1.000000
1.412513	2.059837	1.110815	1.000000
5.233984	1.293225	0.850741	1.000000
2.343980	3.893276	1.279222	1.000000
3.900716	4.860396	6.135654	1.000000
2.956531	2.999248	2.082893	1.000000
6.984450	5.809225	3.912820	1.000000
6.405731	5.818290	7.430886	1.000000
5.640077	5.385990	5.800050	1.000000
5.507580	6.376451	1.770920	1.000000
3.995969	2.671659	0.783769	1.000000
4.701470	5.777873	5.832579	1.000000
3.310732	1.282416	2.037992	1.000000
3.982865	0.824359	4.695259	1.000000
4.407900	3.903829	4.948819	1.000000
1.704422	3.162646	5.171330	1.000000
0.482202	3.041764	6.374894	1.000000
0.402114	3.009109	7.275255	1.000000
6.436040	5.358024	4.021430	1.000000
1.663387	0.216697	4.048669	1.000000
3.588234	3.892684	2.492347	1.000000
2.535155	0.229330	6.495569	1.000000
7.425707	2.793775	3.740303	1.000000
3.677014	5.139534	5.736536	1.000000
0.325053	2.316508	6.682459	1.000000
5.975400	3.555056	3.018634	1.000000
5.640740	0.886449	3.639895	1.000000
1.484916	6.248303	2.693961	1.000000
5.055114	2.671637	4.419124	1.000000
6.614876	5.713895	3.385292	1.000000
2.002018	1.636125	0.138669	1.000000
0.251632	0.751368	4.023057	1.000000
4.453073	3.848339	7.453801	1.000000
2.904474	0.519600	6.987527	1.000000
4.102780	1.741641	3.606460	1.000000
2.174372	7.206725	2.066219	1.000000
7.149914	3.714160	0.006000	1.000000
5.478667	6.090772	4.763733	1.000000
3.454472	0.607234	5.556573	1.000000
0.642116	3.928141	3.615124	1.000000
5.781256	4.515039	4.262872	1.000000
5.939288	6.474796	1.252861	1.000000
1.978999	4.429536	5.735573	1.000000
4.740902	4.476120	6.064555	1.000000
5.481484	1.289659	5.061447	1.000000
0.688682	1.852039	6.105017	1.000000
1.367081	6.010290	5.046711	1.000000
7.367842	7.442385	2.534461	1.000000
4.348572	2.834377	1.901293	1.000000
1.526566	5.143623	5.333812	1.000000
1.237607	1.123622	3.454387	1.000000
2.819795	5.932960	1.967597	1.000000
3.248569	1.682480	6.418417	1.000000
7.437796	2.831063	7.161279	1.000000
4.434557	0.409806	7.190437	1.000000
7.070693	3.833472	0.030386	1.000000
6.929607	5.454747	2.822791	1.000000
4.750374	0.506643	2.848408	1.000000
3.262972	5.260016	3.948912	1.000000
3.394965	1.906516	0.339284	1.000000
0.913851	0.017017	5.979823	1.000000
5.703597	3.423276	4.966798	1.000000
4.907750	4.899424	1.338263	1.000000
6.450149	6.981478	1.931634	1.000000
5.625281	1.778809	4.444688	1.000000
0.708482	6.648541	2.586776	1.000000
1.885789	6.498645	4.846601	1.000000
5.975100	5.615170	4.926195	1.000000
2.040586	0.437037	7.118783	1.000000
1.130700	5.249597	6.109801	1.000000
3.944134	1.308781	3.405390	1.000000
0.108647	5.245466	1.322330	1.000000
5.441254	2.100591	5.062390	1.000000
5.608458	4.413965	0.939374	1.000000
1.433128	5.925377	2.348325	1.000000
4.410181	3.394152	1.071795	1.000000
0.683787	4.071605	0.902950	1.000000
5.063741	5.109234	4.571016	1.000000
4.767463	5.073877	3.335837	1.000000
7.036777	0.183368	5.789475	1.000000
6.764877	7.035974	1.022104	1.000000
3.377016	5.689690	1.715371	1.000000
4.675177	0.471844	4.945086	1.000000
6.812352	1.998092	0.847448	1.000000
4.377825	5.467138	2.414344	1.000000
7.160406	4.592573	5.630082	1.000000
1.637538	0.114295	6.414264	1.000000
2.147119	6.455744	2.833321	1.000000
6.886189	5.399213	3.903390	1.000000
4.919813	4.213498	5.101804	1.000000
2.624461	7.154084	3.253969	1.000000
7.433303	6.531199	3.907755	1.000000
4.464521	6.779517	0.056895	1.000000
7.101949	3.852738	2.499683	1.000000
1.912210	3.747027	6.868310	1.000000
6.523349	0.047252	6.313865	1.000000
7.357210	7.084260	0.069739	1.000000
4.280561	3.576126	4.241888	1.000000
1.078863	1.569705	3.413632	1.000000
7.389219	2.972422	1.027448	1.000000
2.916877	2.057305	3.670013	1.000000
2.257839	0.224701	5.941894	1.000000
2.993761	2.930132	3.212487	1.000000
5.987173	6.947285	1.968144	1.000000
5.328143	3.721681	5.999705	1.000000
0.142571	5.573551	2.568098	1.000000
5.817396	2.922218	3.898377	1.000000
2.729486	3.932522	3.068004	1.000000
0.854226	3.756285	1.479318	1.000000
2.321072	2.278284	0.767166	1.000000
3.136813	0.718690	1.991364	1.000000
7.002569	7.023120	3.936534	1.000000
1.974263	5.038321	4.720695	1.000000
2.012208	4.669615	2.289176	1.000000
7.341637	4.989116	4.158670	1.000000
4.991735	1.928548	2.081871	1.000000
1.932764	7.498619	0.239416	1.000000
0.044396	1.548438	4.012555	1.000000
5.774376	7.057725	6.215827	1.000000
7.128548	3.796015	5.913179	1.000000
5.966248	0.258093	2.061047	1.000000
5.207799	1.999079	2.811991	1.000000
6.472678	6.952573	5.061019	1.000000
6.880979	3.589696	0.130183	1.000000
1.098556	0.400312	4.002090	1.000000
3.084546	3.575590	6.148906	1.000000
0.165202	1.138480	7.472439	1.000000
6.698462	0.411384	0.186002	1.000000
4.942719	0.276590	1.956563	1.000000
5.565706	3.216724	5.622844	1.000000
6.731728	5.174992	5.917532	1.000000
0.672876	2.070032	0.696698	1.000000
7.142345	0.707216	6.092663	1.000000
3.475134	3.746396	6.061345	1.000000
5.798104	0.466501	4.392787	1.000000
3.106240	5.591660	5.379938	1.000000
2.967234	1.117019	5.644513	1.000000
1.957832	7.373749	3.144614	1.000000
5.981530	1.718061	3.694220	1.000000
0.490336	3.068002	6.156299	1.000000
5.428641	4.310781	5.004443	1.000000
2.252890	0.285668	3.492180	1.000000
1.153217	7.073093	1.700571	1.000000
6.913844	2.436022	3.795504	1.000000
5.528547	2.558390	0.101469	1.000000
0.436207	2.711206	5.230476	1.000000
7.219758	1.455187	4.794471	1.000000
2.431289	3.284077	4.722758	1.000000
0.480207	2.036720	4.360126	1.000000
6.164827	4.897051	6.451937	1.000000
7.399193	0.004210	1.245848	1.000000
3.781437	0.012939	6.859767	1.000000
5.866844	7.328294	6.913017	1.000000
4.345992	7.099096	0.047527	1.000000
6.183934	0.942750	1.202425	1.000000
1.380963	3.955996	7.489848	1.000000
7.441907	3.348291	6.792436	1.000000
0.399402	2.633456	3.770367	1.000000
5.834788	0.719775	1.473997	1.000000
2.424938	3.532894	3.696411	1.000000
6.833356	2.343317	6.518698	1.000000
1.091120	7.521015	4.732126	1.000000
0.387292	4.783257	5.114219	1.000000
2.079584	3.568243	3.374259	1.000000
3.597675	5.141462	3.638295	1.000000
0.364080	7.114812	4.902019	1.000000
4.839361	6.258275	5.963430	1.000000
6.652695	4.605746	0.473926	1.000000
5.209949	1.656838	5.849279	1.000000
2.492754	0.442021	6.397120	1.000000
1.964830	0.035643	1.121964	1.000000
3.619786	6.719521	7.514925	1.000000
2.684444	0.654709	2.662932	1.000000
4.048667	4.248421	5.506993	1.000000
2.475441	0.996222	1.863326	1.000000
2.596769	7.279961	5.075936	1.000000
3.081073	0.688348	1.162291	1.000000
5.051042	5.343404	3.550789	1.000000
0.795190	4.656583	6.501210	1.000000
0.165549	3.385258	7.570517	1.000000
6.421457	1.560661	1.625823	1.000000
1.392923	0.349955	0.374241	1.000000
3.724879	3.765532	2.552464	1.000000
0.859198	1.170344	2.030402	1.000000
5.581363	4.038116	1.793494	1.000000
3.983811	5.681717	4.533845	1.000000
5.044364	5.487810	3.870870	1.000000
6.204900	5.216833	4.462602	1.000000
6.681899	6.511135	5.997788	1.000000
3.406833	4.721452	0.135639	1.000000
0.092400	5.260242	7.034236	1.000000
0.368495	5.379333	3.819687	1.000000
1.726510	4.812219	3.178811	1.000000
3.675128	2.017961	6.686714	1.000000
3.147200	3.832029	6.026201	1.000000
3.413844	1.089720	0.756141	1.000000
3.677020	6.848177	6.815759	1.000000
5.644089	7.205663	0.624576	1.000000
7.137338	4.657207	1.637156	1.000000
4.581349	5.268312	1.168561	1.000000
2.958429	6.209961	6.532805	1.000000
7.554096	0.160917	4.667348	1.000000
5.065385	1.364807	1.230912	1.000000
7.514674	2.180060	6.478279	1.000000
3.659866	0.794145	5.319387	1.000000
0.333734	1.553046	3.814729	1.000000
5.142044	5.577365	6.658672	1.000000
2.702155	6.922121	2.741332	1.000000
6.493814	5.252145	2.280578	1.000000
4.152974	7.477495	0.738093	1.000000
7.540374	5.694665	2.622307	1.000000
1.043033	7.399212	1.486708	1.000000
6.052417	3.940788	0.629124	1.000000
1.166851	7.466435	1.243174	1.000000
0.346775	3.428577	3.941424	1.000000
6.509897	4.059090	1.823794	1.000000
