172
0.000000 5.755174
0.000000 5.755174
0.000000 5.755174
2.801387	5.224257	4.748241	1.000000
1.463849	2.005750	0.754792	1.000000
2.664959	4.503292	3.741307	1.000000
2.891298	3.048436	0.203475	1.000000
1.078456	3.050392	0.564776	1.000000
4.702479	0.664730	2.388457	1.000000
2.316565	5.491734	3.751409	1.000000
4.373830	2.044849	3.934475	1.000000
1.920471	2.343978	4.698126	1.000000
5.378098	1.379577	4.122260	1.000000
1.186366	2.969008	2.746912	1.000000
1.283353	5.748050	3.079110	1.000000
2.135229	3.567406	4.513072	1.000000
5.229897	4.857712	3.648804	1.000000
2.272844	4.663809	1.177219	1.000000
1.418857	5.710306	2.011498	1.000000
3.668202	5.084676	5.350359	1.000000
0.869370	1.685655	5.739492	1.000000
3.081749	3.938273	0.919098	1.000000
2.208220	3.806475	3.132355	1.000000
3.303476	2.261379	3.702315	1.000000
0.147268	1.070489	0.826264	1.000000
1.498551	1.490459	3.919821	1.000000
5.503812	4.562744	5.318955	1.000000
4.571042	1.227954	0.323536	1.000000
2.425797	5.468951	1.800086	1.000000
4.473948	4.120239	1.892300	1.000000
3.487719	1.365101	4.357683	1.000000
3.202769	1.945464	2.625506	1.000000
3.817693	0.141188	1.509244	1.000000
4.984820	4.429679	0.837662	1.000000
1.446221	0.131160	5.541916	1.000000
1.979934	3.553793	0.779765	1.000000
3.669582	5.735244	4.293260	1.000000
5.640170	0.572577	2.004343	1.000000
5.213326	2.267359	3.282364	1.000000
1.906256	0.049241	4.617232	1.000000
0.385278	5.403251	2.114664	1.000000
2.950905	0.662272	1.554549	1.000000
2.780163	1.407313	5.186806	1.000000
0.310312	3.246786	4.194921	1.000000
3.766108	1.179085	1.268852	1.000000
5.072018	1.595632	2.400726	1.000000
2.389933	3.820692	5.552179	1.000000
2.923413	4.860383	2.780679	1.000000
4.865642	5.198713	1.887729	1.000000
3.246836	0.880889	0.456007	1.000000
1.975822	5.703324	0.823439	1.000000
3.288498	0.995075	3.404273	1.000000
3.859688	4.324751	3.298202	1.000000
4.793511	4.618699	2.766488	1.000000
4.355886	0.828667	4.122959	1.000000
4.163150	4.937354	1.210259	1.000000
2.659391	3.441233	1.711493	1.000000
1.333008	1.099579	2.703899	1.000000
0.545357	1.867083	3.755526	1.000000
0.378757	4.846660	4.419869	1.000000
3.469754	2.942026	1.127984	1.000000
5.410929	4.008518	4.438080	1.000000
1.650903	3.115601	1.677032	1.000000
4.156842	3.052755	3.482224	1.000000
5.409896	3.493468	1.977213	1.000000
4.800121	0.547195	1.119233	1.000000
1.787945	4.858253	2.967994	1.000000
2.322479	0.609612	0.121661	1.000000
2.826052	1.934252	0.308638	1.000000
5.308678	0.675971	3.280143	1.000000
2.272785	0.101985	2.710371	1.000000
1.200302	3.632313	3.835296	1.000000
4.495108	0.057364	3.478716	1.000000
4.894029	3.626135	2.870710	1.000000
0.686695	3.653015	2.041405	1.000000
5.305458	2.720211	1.350576	1.000000
3.270862	0.107376	2.549212	1.000000
1.595636	2.178010	2.037307	1.000000
3.252868	3.497572	3.338095	1.000000
2.680481	1.017424	2.450891	1.000000
3.002841	2.453512	4.739550	1.000000
2.302013	1.275669	0.882452	1.000000
0.952466	2.065411	4.684153	1.000000
1.146613	3.974767	2.870852	1.000000
0.787872	4.877427	3.126371	1.000000
0.676260	1.118007	4.511872	1.000000
2.281936	2.782872	2.642700	1.000000
3.781289	2.106040	5.485503	1.000000
4.144053	2.308555	2.797152	1.000000
0.953253	4.091791	4.793161	1.000000
4.945838	3.173880	4.819194	1.000000
3.596729	5.327154	3.366428	1.000000
0.501417	2.674057	5.553990	1.000000
2.297302	4.288488	2.213079	1.000000
1.628255	4.840808	0.261017	1.000000
5.143844	3.586534	0.303244	1.000000
0.233975	4.067100	3.598169	1.000000
3.910620	0.131278	0.486517	1.000000
4.750927	2.204501	4.991107	1.000000
0.343621	3.766510	5.548881	1.000000
0.847250	4.954378	5.330357	1.000000
1.852129	0.991861	1.774068	1.000000
4.309423	3.039033	5.713334	1.000000
4.557762	4.202871	5.334498	1.000000
5.416420	0.599777	0.069987	1.000000
1.352038	3.881330	5.729379	1.000000
4.787623	1.147754	5.002833	1.000000
3.807959	1.080219	5.284673	1.000000
2.846968	1.711129	1.638340	1.000000
0.386428	4.601440	0.436963	1.000000
4.777865	5.105124	4.657767	1.000000
2.257319	0.952963	3.503999	1.000000
1.354295	0.873606	0.576532	1.000000
2.506546	1.737247	4.142856	1.000000
5.540689	5.578240	1.044543	1.000000
0.146906	5.607727	3.546217	1.000000
1.886652	1.635282	5.657350	1.000000
5.180465	5.558952	2.784212	1.000000
4.690219	1.596969	1.343745	1.000000
1.914463	4.543778	4.977807	1.000000
0.424374	2.242275	0.838790	1.000000
3.600968	3.684702	5.419181	1.000000
4.297654	0.153093	5.082543	1.000000
0.203625	1.227715	2.691136	1.000000
3.959325	2.728457	4.598825	1.000000
3.270980	4.928162	1.790596	1.000000
3.370346	4.025636	2.394796	1.000000
4.496053	3.024419	2.043184	1.000000
3.177870	0.275445	5.396444	1.000000
1.229282	3.040907	4.903847	1.000000
2.757903	0.657849	4.407718	1.000000
5.549824	0.442015	4.481900	1.000000
1.145674	5.205220	1.168288	1.000000
0.593621	0.672558	5.458644	1.000000
1.007833	1.468205	1.522882	1.000000
5.698585	4.585583	1.608602	1.000000
5.124814	3.151583	3.816805	1.000000
2.661555	4.832881	0.168233	1.000000
0.878027	2.001417	2.738835	1.000000
2.441222	2.937847	3.760523	1.000000
1.120078	4.165566	1.137912	1.000000
2.936410	4.197432	4.768204	1.000000
0.768127	0.494865	1.411062	1.000000
0.128641	3.750181	1.002881	1.000000
0.005726	4.347849	2.645504	1.000000
3.948017	4.234114	0.451208	1.000000
3.592250	4.719995	4.192259	1.000000
0.042078	5.576435	5.314935	1.000000
3.929043	2.051259	1.825868	1.000000
1.331663	4.892611	4.086128	1.000000
4.385618	1.189951	3.178850	1.000000
2.315107	2.536485	1.107123	1.000000
4.436980	4.038180	4.151444	1.000000
4.843623	5.144847	0.061744	1.000000
0.023501	1.567274	5.214235	1.000000
3.008439	5.576353	0.821402	1.000000
0.193159	3.232042	2.905157	1.000000
5.693304	2.426273	4.655471	1.000000
0.658470	0.803113	3.501072	1.000000
1.252768	4.636713	2.112531	1.000000
4.101698	2.269810	0.689923	1.000000
1.457452	2.589398	3.730750	1.000000
0.662896	5.683519	0.428282	1.000000
0.810635	5.744383	4.599102	1.000000
5.578929	2.480381	2.346016	1.000000
5.658255	1.745343	1.556702	1.000000
4.023612	5.190627	2.440503	1.000000
3.765640	1.085482	2.372576	1.000000
5.291282	2.182090	0.204784	1.000000
4.405551	3.471379	1.094308	1.000000
0.696502	2.616431	1.812197	1.000000
2.113007	1.841940	2.964374	1.000000
1.911604	2.946958	5.672060	1.000000
3.347878	3.011246	2.306900	1.000000
1.900790	1.079884	4.748837	1.000000
