172
0.000000 6.083531
0.000000 6.083531
0.000000 6.083531
5.916022	0.120689	0.138601	1.000000
1.577209	0.120736	0.117825	1.000000
3.636663	5.429722	0.729524	1.000000
4.794198	5.763762	0.270451	1.000000
0.591510	0.882004	0.169473	1.000000
3.121305	0.672748	5.819784	1.000000
4.137893	0.858923	6.076876	1.000000
0.049479	1.720235	0.011943	1.000000
1.681822	1.652703	6.043742	1.000000
3.297601	1.807479	5.781426	1.000000
5.120163	1.808487	5.646637	1.000000
0.855641	2.464038	5.920678	1.000000
2.359652	2.488681	0.201427	1.000000
4.313731	2.000239	0.170375	1.000000
5.870412	3.516164	6.008902	1.000000
1.831512	3.807555	6.075992	1.000000
2.922525	3.727253	0.059179	1.000000
4.792502	3.305676	0.220921	1.000000
0.815034	3.836988	0.156722	1.000000
2.196840	5.040821	5.617736	1.000000
4.070920	3.869896	5.892647	1.000000
5.718699	5.039957	0.072747	1.000000
1.323145	5.046801	0.302496	1.000000
3.867297	4.910659	5.767153	1.000000
4.779303	4.675815	0.027137	1.000000
0.500764	0.249098	1.036066	1.000000
2.428656	0.023017	0.667542	1.000000
4.145654	0.243254	1.051664	1.000000
5.842764	1.094183	1.068102	1.000000
1.476375	0.969717	1.201130	1.000000
3.160396	0.762169	0.764396	1.000000
5.331865	0.970686	0.145020	1.000000
0.895389	1.729454	0.641212	1.000000
2.489376	1.545556	0.586483	1.000000
4.526720	1.441033	1.055394	1.000000
6.042647	2.996718	0.892547	1.000000
1.324645	2.807514	0.683026	1.000000
3.270942	2.587159	0.691353	1.000000
5.497587	1.994900	0.797532	1.000000
0.895282	3.699338	1.230548	1.000000
2.393644	3.387711	0.889738	1.000000
4.132930	3.619958	0.993675	1.000000
5.904689	4.300939	0.755839	1.000000
1.814227	4.306236	0.897811	1.000000
3.407680	4.455797	0.688739	1.000000
4.593208	4.604457	1.082166	1.000000
0.789094	4.877627	1.186141	1.000000
2.552220	5.135770	1.083497	1.000000
4.563023	5.572464	1.902003	1.000000
0.091511	0.329868	2.529780	1.000000
1.346897	5.740263	1.171012	1.000000
2.903751	5.875290	1.890433	1.000000
5.269244	0.273283	1.127825	1.000000
0.929546	0.658478	2.065691	1.000000
2.264730	0.797877	1.815963	1.000000
4.701900	0.583092	1.999903	1.000000
0.696975	1.826709	1.772819	1.000000
1.796434	2.058220	2.109853	1.000000
3.510044	1.627288	1.184876	1.000000
5.239005	1.502446	1.895582	1.000000
0.725300	2.833596	1.808601	1.000000
2.465801	2.409387	1.308949	1.000000
4.163735	2.559150	1.283426	1.000000
5.780602	4.286401	1.757089	1.000000
2.095952	3.296963	1.936097	1.000000
3.317655	3.309593	1.562549	1.000000
5.202247	3.294000	1.600026	1.000000
1.345636	4.028317	2.225549	1.000000
2.791028	4.169015	1.464709	1.000000
4.134153	4.048685	1.918000	1.000000
5.999989	5.385920	1.018454	1.000000
1.940660	4.929771	1.946117	1.000000
3.664064	4.916856	1.669487	1.000000
5.547726	5.375335	1.935836	1.000000
1.019200	5.922438	2.750668	1.000000
2.162167	5.652717	2.862717	1.000000
5.172461	5.763582	2.804045	1.000000
6.049041	1.467757	2.594578	1.000000
1.592813	0.713283	2.850714	1.000000
3.203953	1.144847	2.236308	1.000000
5.210471	0.869194	2.929378	1.000000
0.942147	2.228782	2.760442	1.000000
2.445736	1.573443	2.791156	1.000000
4.395452	1.925223	2.428382	1.000000
6.055671	2.433714	3.196661	1.000000
2.001655	2.887282	2.882986	1.000000
3.376180	2.209340	2.104122	1.000000
5.329404	2.782489	2.453590	1.000000
0.913676	3.243839	2.760873	1.000000
2.730185	3.845705	2.624699	1.000000
4.289515	3.040612	2.780778	1.000000
5.726990	3.695098	3.366239	1.000000
1.693990	3.912563	3.164020	1.000000
3.708819	4.259636	3.113984	1.000000
5.016845	3.837094	2.448380	1.000000
0.575671	4.801656	2.245193	1.000000
2.845577	4.844457	2.617018	1.000000
4.183484	5.064116	2.716700	1.000000
6.043276	0.214562	3.611900	1.000000
1.568977	5.996237	3.601334	1.000000
3.792777	0.141391	2.223392	1.000000
5.153364	5.748057	3.962046	1.000000
0.809617	1.284239	3.125483	1.000000
2.796490	0.634430	3.319611	1.000000
4.317108	0.377219	3.117658	1.000000
5.576044	1.268621	3.838715	1.000000
1.765259	1.983977	3.420077	1.000000
3.462225	1.390598	3.232464	1.000000
4.985576	1.975428	3.265595	1.000000
0.985087	2.742862	3.657215	1.000000
2.773321	2.539122	3.532517	1.000000
3.932558	2.338856	3.462046	1.000000
6.072826	3.156566	4.134795	1.000000
2.494834	3.498966	3.613256	1.000000
3.646698	3.372535	3.782880	1.000000
5.021750	2.905699	3.655136	1.000000
0.625694	4.048759	3.478254	1.000000
2.723016	4.604446	3.607199	1.000000
4.662285	3.875013	3.514794	1.000000
0.163801	5.341380	2.989193	1.000000
1.492020	4.909766	2.925516	1.000000
3.256443	5.738991	3.324391	1.000000
5.445184	4.695764	2.946827	1.000000
0.986043	0.230835	4.391740	1.000000
3.010272	0.269237	4.697934	1.000000
4.192035	6.015027	4.855224	1.000000
0.346504	1.013047	4.356754	1.000000
1.877238	0.690006	4.356992	1.000000
3.953142	0.686239	4.055319	1.000000
4.926289	0.632787	4.321326	1.000000
1.239804	1.961495	4.283624	1.000000
2.533070	1.477687	3.877875	1.000000
4.157398	1.833264	4.557262	1.000000
0.174711	2.089327	4.117145	1.000000
1.946397	2.748826	4.255128	1.000000
3.455643	2.528865	4.320838	1.000000
5.171700	2.075343	4.516496	1.000000
1.224850	3.677778	4.435106	1.000000
2.777585	3.654154	4.610656	1.000000
4.446953	3.276771	4.424078	1.000000
6.036352	4.406453	4.242341	1.000000
1.664728	4.627529	4.003113	1.000000
3.567185	4.322932	4.245214	1.000000
4.875461	4.734480	4.155334	1.000000
0.713130	5.088365	3.805585	1.000000
2.436902	5.278273	4.597439	1.000000
4.099174	5.319293	3.816967	1.000000
0.000000	0.000000	5.162047	1.000000
1.924499	5.914572	5.186883	1.000000
3.374508	5.776597	5.659580	1.000000
5.162047	0.000000	5.162047	1.000000
1.000679	0.738708	5.298182	1.000000
2.300229	1.038090	5.271594	1.000000
4.328942	0.956546	5.074378	1.000000
0.337447	1.742978	5.044055	1.000000
1.896860	1.944299	5.082690	1.000000
3.151199	1.631740	4.697746	1.000000
5.581209	1.113563	4.930549	1.000000
0.757697	2.634772	4.849485	1.000000
2.693672	2.572994	5.132785	1.000000
4.665017	2.717142	5.384066	1.000000
0.368272	3.677346	5.022617	1.000000
1.790981	2.982715	5.283836	1.000000
3.461401	3.334588	5.288950	1.000000
5.339528	4.148345	5.203772	1.000000
0.815291	4.586539	5.287864	1.000000
3.128657	4.397694	5.288135	1.000000
4.274489	4.385841	4.960850	1.000000
0.000000	5.162047	5.162047	1.000000
1.988338	4.175926	5.000309	1.000000
3.518194	5.276110	4.692700	1.000000
5.162047	5.162047	5.162047	1.000000
