172
0.000000 5.710148
0.000000 5.710148
0.000000 5.710148
1.865446	2.894992	5.337005	1.000000
2.022746	1.383188	2.384672	1.000000
2.710725	4.914595	0.819790	1.000000
0.282633	3.640517	3.973751	1.000000
3.707848	3.714769	2.106349	1.000000
3.449225	4.719127	2.527732	1.000000
3.337082	2.368727	2.698989	1.000000
3.988004	1.654097	2.022444	1.000000
4.182412	1.873393	2.993342	1.000000
2.717434	0.918317	4.417932	1.000000
4.083252	1.663144	0.976084	1.000000
4.988958	5.555897	1.324720	1.000000
1.541468	0.049346	4.037765	1.000000
2.401046	4.562045	2.341558	1.000000
3.165151	2.152012	0.804076	1.000000
0.891174	3.955064	5.632120	1.000000
1.913205	5.173013	1.522946	1.000000
3.511791	2.256585	3.809954	1.000000
1.120682	5.406959	3.188768	1.000000
0.646913	1.779970	3.436909	1.000000
4.241932	5.546133	4.659639	1.000000
0.664253	2.724634	3.818284	1.000000
1.623871	0.831480	4.787285	1.000000
3.631182	1.517291	4.546488	1.000000
3.049189	1.321755	1.688586	1.000000
3.482883	0.174071	3.934518	1.000000
1.168299	0.280369	2.285461	1.000000
1.435156	4.292736	1.546567	1.000000
3.840012	4.622288	5.111306	1.000000
5.293097	4.665405	3.399168	1.000000
2.318524	5.215856	5.487096	1.000000
1.184863	0.115150	0.900395	1.000000
2.277511	0.825729	3.373728	1.000000
0.936738	4.700439	0.607403	1.000000
0.623431	3.408222	2.644817	1.000000
5.169929	1.789323	0.279143	1.000000
2.224201	3.105245	3.486143	1.000000
3.145182	5.670064	0.211779	1.000000
4.165529	0.822349	2.974161	1.000000
3.195705	5.218051	1.688746	1.000000
2.814418	4.229853	4.900953	1.000000
2.405853	5.668931	4.540810	1.000000
3.342928	1.324639	0.122690	1.000000
5.488637	0.927827	5.562728	1.000000
3.971627	5.523281	1.132256	1.000000
2.715191	1.826340	5.235865	1.000000
3.677707	4.771078	0.513210	1.000000
0.077456	0.173623	2.089878	1.000000
2.089160	0.079608	2.665131	1.000000
4.163502	2.753136	1.659258	1.000000
3.359249	0.723933	0.945052	1.000000
5.475380	5.689873	4.122878	1.000000
2.241494	2.278620	0.338461	1.000000
4.439493	3.001016	4.006634	1.000000
1.706033	1.869421	5.170844	1.000000
3.916805	3.709340	0.843142	1.000000
5.219064	1.731927	2.788513	1.000000
5.376344	1.189397	1.072570	1.000000
5.190534	4.650362	1.835651	1.000000
2.240356	0.366077	0.780363	1.000000
4.454527	4.610933	4.184065	1.000000
1.959989	4.724871	4.565059	1.000000
0.122255	2.946756	1.646591	1.000000
0.278091	2.133691	0.930711	1.000000
4.470415	1.332158	3.815918	1.000000
0.641523	1.131759	0.692277	1.000000
5.145522	1.038516	2.049188	1.000000
4.660625	3.819395	4.820428	1.000000
1.315858	4.776538	2.422889	1.000000
2.925508	2.895328	5.554828	1.000000
1.617015	1.196626	0.357833	1.000000
4.433642	4.541838	2.611055	1.000000
2.347299	2.508823	2.612134	1.000000
1.562744	0.185461	5.669106	1.000000
0.244813	0.954312	2.712179	1.000000
4.770958	3.622734	1.855000	1.000000
4.867587	1.906855	1.599838	1.000000
3.020968	2.795740	1.828222	1.000000
0.154127	5.000176	2.572674	1.000000
4.934629	2.703784	5.567564	1.000000
2.700202	4.201714	3.825395	1.000000
2.601249	1.830772	3.305983	1.000000
3.350274	0.193606	4.940315	1.000000
0.427990	5.485256	0.196241	1.000000
3.995172	4.533986	1.576595	1.000000
2.542032	1.333740	0.808445	1.000000
4.336453	3.176605	2.678573	1.000000
3.049192	4.180934	1.488245	1.000000
1.648889	3.827688	2.508964	1.000000
2.088722	2.413157	1.456241	1.000000
0.808057	1.203134	5.309434	1.000000
3.659963	0.623631	2.099785	1.000000
0.789644	5.259757	1.684558	1.000000
5.382397	2.186924	3.936161	1.000000
5.278464	3.102920	3.292898	1.000000
5.296087	3.012751	4.534943	1.000000
0.608044	0.989998	1.685401	1.000000
0.025310	4.945990	1.034018	1.000000
5.075478	0.116643	0.359422	1.000000
4.307361	5.447827	2.102841	1.000000
0.204701	3.142634	0.284683	1.000000
2.950041	1.102704	2.671772	1.000000
1.061935	4.146350	4.634048	1.000000
2.170513	4.021484	0.808680	1.000000
4.248152	1.907759	5.517568	1.000000
5.115258	0.049567	2.861684	1.000000
1.419039	1.452351	4.021537	1.000000
3.677851	2.658124	4.880589	1.000000
1.192651	4.944452	5.340469	1.000000
4.376239	0.954707	0.330674	1.000000
1.236796	3.516155	3.587425	1.000000
0.167456	0.315272	1.055818	1.000000
4.823087	4.729172	5.403917	1.000000
0.085843	1.102866	4.580424	1.000000
5.180958	5.609927	5.075955	1.000000
4.665932	3.886455	3.505905	1.000000
0.854661	2.393313	5.632753	1.000000
2.973766	3.896058	0.133762	1.000000
2.145336	3.465704	1.701965	1.000000
0.674959	0.608686	3.927157	1.000000
4.440963	0.863556	4.896901	1.000000
2.885992	3.167137	4.295951	1.000000
1.845741	3.522384	4.544861	1.000000
0.807408	3.578669	1.113853	1.000000
3.191521	4.959924	4.292759	1.000000
2.502484	0.729371	5.450686	1.000000
3.910015	2.737936	0.414681	1.000000
1.607098	2.251534	3.252475	1.000000
5.672899	4.457548	0.156038	1.000000
2.542090	0.309989	1.800694	1.000000
1.592777	2.568978	4.311162	1.000000
4.555558	0.269214	3.797118	1.000000
1.938964	3.983003	5.538710	1.000000
5.422446	4.673137	4.543909	1.000000
4.440477	0.694325	1.364186	1.000000
4.052398	5.184224	3.326846	1.000000
5.595102	2.002934	5.053814	1.000000
0.508000	4.141703	1.891119	1.000000
1.263008	1.715997	1.340670	1.000000
1.068060	1.708853	2.362924	1.000000
1.294351	0.958307	3.128945	1.000000
1.795079	4.478238	3.381380	1.000000
3.823541	3.507673	5.422726	1.000000
4.666896	4.674769	0.799625	1.000000
0.538948	0.127619	4.939011	1.000000
3.161555	5.650994	2.811221	1.000000
4.134739	5.557618	5.693567	1.000000
5.350086	3.868377	1.058617	1.000000
2.468302	5.412503	3.543542	1.000000
5.437016	0.968048	3.616113	1.000000
5.373916	3.895600	2.626976	1.000000
0.781613	3.128492	4.825408	1.000000
3.617630	4.211679	3.402830	1.000000
2.736976	3.677787	2.787558	1.000000
3.747083	3.905337	4.405041	1.000000
5.144803	2.771624	0.913315	1.000000
1.610032	3.044997	0.671281	1.000000
5.101221	2.613156	2.281264	1.000000
2.686492	3.163733	0.824948	1.000000
0.303293	2.466611	2.765486	1.000000
0.774692	5.080522	4.311918	1.000000
0.597306	4.501602	3.507624	1.000000
4.798330	3.779319	0.173407	1.000000
0.811752	2.035960	4.672010	1.000000
1.722001	0.845728	1.532357	1.000000
0.066809	3.832681	5.013318	1.000000
3.366360	3.193406	3.412077	1.000000
4.529150	2.152654	4.540086	1.000000
2.518243	2.099710	4.276278	1.000000
0.136947	1.890408	1.891996	1.000000
1.155080	2.924892	1.916026	1.000000
3.427448	1.231199	3.555930	1.000000
