172
0.000000 5.761467
0.000000 5.761467
0.000000 5.761467
2.813413	0.320598	5.251697	1.000000
1.446211	2.334702	0.474930	1.000000
2.366390	3.104503	4.247045	1.000000
4.482667	3.778221	0.453722	1.000000
1.485143	3.519283	1.325320	1.000000
4.663157	0.439906	1.834468	1.000000
3.722700	5.473474	4.290575	1.000000
0.090608	1.752644	2.958434	1.000000
1.144042	2.600091	4.061730	1.000000
5.724111	1.297117	3.958061	1.000000
1.148098	3.249915	2.512112	1.000000
1.640040	1.021146	4.546439	1.000000
2.015176	2.680772	5.134047	1.000000
5.648489	5.013155	2.788808	1.000000
2.308515	4.655980	1.440902	1.000000
2.447583	0.289300	2.378615	1.000000
4.482686	4.927385	5.100943	1.000000
0.907505	2.583269	5.329289	1.000000
2.981513	3.180963	1.711570	1.000000
2.559890	3.916297	2.553950	1.000000
3.749631	2.225930	3.475049	1.000000
0.724982	1.888672	1.036417	1.000000
0.814819	1.690688	4.395697	1.000000
0.457263	4.448367	4.267273	1.000000
3.729232	1.893151	5.073119	1.000000
2.767920	5.557247	1.433608	1.000000
4.389463	4.284665	1.892035	1.000000
3.324538	1.197811	4.064859	1.000000
3.051578	2.216933	2.364200	1.000000
3.851840	5.056941	1.415054	1.000000
0.691930	4.738486	1.003386	1.000000
1.132364	5.475543	0.174544	1.000000
0.858586	3.720449	0.521487	1.000000
4.158190	0.677288	3.843513	1.000000
5.669583	5.666958	1.770097	1.000000
4.096276	2.209326	2.497132	1.000000
1.786998	0.066918	4.871545	1.000000
0.926786	5.530487	2.870192	1.000000
1.950733	0.554753	1.458494	1.000000
1.922900	1.908430	4.093677	1.000000
5.285383	3.643663	4.300717	1.000000
3.685479	2.101052	0.377213	1.000000
5.024403	1.401610	2.267829	1.000000
2.579296	4.071795	5.525404	1.000000
2.935725	4.939382	2.501418	1.000000
5.388037	4.461914	1.969245	1.000000
3.575586	0.284636	0.637265	1.000000
2.775213	4.700019	0.551656	1.000000
3.707438	1.296679	2.928383	1.000000
3.149800	5.219267	3.461213	1.000000
5.553738	3.968059	3.269583	1.000000
4.757087	1.422659	3.359231	1.000000
4.187943	5.061440	0.445526	1.000000
2.428864	3.735269	1.022870	1.000000
1.317222	0.762570	2.651522	1.000000
5.607015	2.849258	3.271239	1.000000
5.703891	5.399032	5.044753	1.000000
4.011604	3.095826	1.598271	1.000000
5.036352	4.638987	4.309476	1.000000
2.267518	1.993298	1.599528	1.000000
3.479042	3.338096	3.867438	1.000000
0.543007	3.036787	1.192563	1.000000
3.844386	1.222388	0.958065	1.000000
2.386796	5.183025	4.319030	1.000000
2.549958	5.723652	0.461583	1.000000
3.338111	1.044715	0.000725	1.000000
4.469944	0.418731	2.924593	1.000000
3.331424	0.354809	3.052222	1.000000
1.849701	3.567645	3.475131	1.000000
4.755039	4.557260	3.000054	1.000000
3.773186	4.333351	2.952694	1.000000
0.536266	3.975625	1.654082	1.000000
5.508023	2.085182	1.228157	1.000000
3.517124	0.362691	2.026698	1.000000
3.360402	2.028461	1.378250	1.000000
2.839501	4.121348	3.498471	1.000000
1.971764	1.730369	2.542254	1.000000
2.617687	1.649093	4.936371	1.000000
2.591758	1.814143	0.251909	1.000000
0.192225	2.866403	4.422954	1.000000
1.813015	4.667625	2.885132	1.000000
2.168627	5.601882	3.230522	1.000000
0.056983	2.004429	5.171125	1.000000
2.220358	2.845045	2.358607	1.000000
2.967476	2.600018	5.465350	1.000000
3.725354	3.217363	2.809751	1.000000
1.446971	4.504070	3.817547	1.000000
4.441742	2.927963	4.481119	1.000000
4.389361	5.369097	3.543075	1.000000
0.605200	3.774214	5.135328	1.000000
1.457434	4.336545	1.934685	1.000000
1.486547	4.284794	5.139748	1.000000
4.998673	5.044075	1.107098	1.000000
5.734475	5.277712	3.910532	1.000000
4.367421	1.151853	0.055014	1.000000
4.218714	1.624150	4.206885	1.000000
5.165678	3.054957	5.569130	1.000000
1.045239	5.125265	4.769763	1.000000
1.628232	1.365906	0.764531	1.000000
5.484714	4.162548	0.724563	1.000000
4.420956	3.877769	4.869702	1.000000
5.422747	1.527115	0.239529	1.000000
2.226724	4.178379	4.394241	1.000000
5.223123	0.795845	4.725029	1.000000
3.780485	0.590890	4.869009	1.000000
2.995759	1.279231	2.019919	1.000000
0.280789	5.658493	0.692934	1.000000
4.698644	5.702246	4.477319	1.000000
2.142612	0.967959	3.281377	1.000000
2.035891	0.802850	0.030439	1.000000
2.682356	1.894548	3.243288	1.000000
4.784253	0.389991	0.716494	1.000000
0.462170	0.571623	3.247929	1.000000
1.670840	1.737248	5.268834	1.000000
5.460472	0.519866	2.536939	1.000000
4.908307	1.276692	1.178921	1.000000
2.206511	5.070517	5.450327	1.000000
0.144849	2.457985	0.360111	1.000000
3.287853	3.514123	4.878548	1.000000
4.677846	0.243576	5.455957	1.000000
0.060272	0.874772	0.964139	1.000000
4.035337	2.949574	5.456684	1.000000
3.864072	5.310754	2.585626	1.000000
3.205042	4.186375	1.828651	1.000000
4.765549	3.553021	2.756886	1.000000
3.493569	5.284161	5.418183	1.000000
1.410867	3.451993	4.588079	1.000000
2.525927	0.416706	4.197130	1.000000
5.146399	0.426428	3.710406	1.000000
1.449853	5.398702	1.161563	1.000000
0.881970	1.494142	0.096100	1.000000
0.412568	1.086665	2.030034	1.000000
0.670219	5.025076	2.022122	1.000000
4.607570	2.784504	3.472883	1.000000
3.608036	4.148910	5.588020	1.000000
0.716251	2.174020	2.253705	1.000000
3.113030	2.336296	4.388908	1.000000
1.668164	4.483961	0.476888	1.000000
3.143160	4.574586	4.779258	1.000000
0.989799	0.281574	1.829150	1.000000
0.576786	4.649974	5.709238	1.000000
0.652879	4.295229	2.723160	1.000000
3.719633	3.154798	0.642869	1.000000
3.869555	4.501306	4.075744	1.000000
0.015555	0.520397	5.569785	1.000000
4.472065	2.204764	1.542483	1.000000
1.351450	5.748420	3.908872	1.000000
4.076970	1.310403	1.929641	1.000000
2.397500	2.679815	0.783979	1.000000
4.489505	3.816618	3.690134	1.000000
5.224260	5.042405	0.114653	1.000000
4.832144	2.062081	5.351035	1.000000
3.607392	4.151900	0.908496	1.000000
0.674880	3.594491	3.738258	1.000000
5.176423	2.237877	4.234575	1.000000
1.213791	1.409273	3.488801	1.000000
1.697224	5.385002	2.176188	1.000000
4.720589	2.644851	0.656061	1.000000
1.801502	2.494300	3.287192	1.000000
1.024607	0.558438	0.855024	1.000000
0.417876	0.365356	4.258891	1.000000
0.013938	3.417630	2.396259	1.000000
5.099151	2.701852	2.214562	1.000000
4.799507	5.259403	2.173437	1.000000
2.823315	0.985283	1.028889	1.000000
5.375055	4.019323	5.324484	1.000000
5.012273	3.482396	1.402139	1.000000
1.382807	2.539632	1.529130	1.000000
1.325339	1.443017	1.728335	1.000000
1.853054	3.422356	0.041076	1.000000
2.751325	2.896739	3.266558	1.000000
0.959450	0.620436	5.239751	1.000000
