172
0.000000 5.741641
0.000000 5.741641
0.000000 5.741641
3.726867	3.580281	0.011916	1.000000
2.237466	3.454350	1.286880	1.000000
3.387359	4.254760	4.870375	1.000000
4.431780	4.548894	1.414637	1.000000
0.461062	4.151310	0.406596	1.000000
3.546649	1.211419	0.923476	1.000000
4.821513	0.818644	2.987872	1.000000
5.241493	2.949335	4.879407	1.000000
0.104820	4.549335	3.999246	1.000000
1.654358	2.298850	4.465328	1.000000
2.161315	0.144874	4.406463	1.000000
0.601867	5.458201	4.623775	1.000000
1.783241	1.657736	0.187172	1.000000
0.489789	4.854676	1.272586	1.000000
2.667661	0.347154	5.261441	1.000000
2.105939	0.727220	1.953762	1.000000
5.386983	5.014967	0.149890	1.000000
0.813308	2.630850	5.065162	1.000000
2.764976	4.087048	5.728626	1.000000
3.425392	4.419799	2.934201	1.000000
3.577303	2.931276	3.672032	1.000000
5.560569	1.411994	5.439630	1.000000
0.920631	2.991304	3.294045	1.000000
5.114076	0.227373	3.815174	1.000000
4.846867	1.191777	3.960398	1.000000
2.979682	0.807289	2.773259	1.000000
3.819950	5.266113	2.252576	1.000000
2.475016	2.988106	3.635979	1.000000
3.573772	1.977115	1.586597	1.000000
3.106557	0.314274	1.874962	1.000000
0.352936	4.408398	5.016722	1.000000
1.805196	1.049998	5.116363	1.000000
0.525721	2.850987	2.215921	1.000000
3.735331	0.557017	5.388430	1.000000
0.263748	0.140642	5.504514	1.000000
4.548869	2.367624	3.242294	1.000000
3.361448	4.917256	5.714795	1.000000
1.843765	1.913448	1.669910	1.000000
1.428145	0.050194	1.112228	1.000000
2.622727	2.066055	4.284663	1.000000
0.019710	2.648827	5.680128	1.000000
3.554381	2.537729	0.093886	1.000000
0.939252	3.999320	3.915900	1.000000
1.775725	2.768665	5.346059	1.000000
3.571255	5.276682	1.136112	1.000000
4.967646	3.421394	2.329453	1.000000
0.953339	0.889797	5.624037	1.000000
2.444273	4.470717	1.182406	1.000000
4.013747	0.566300	2.382309	1.000000
3.175699	4.611036	1.856140	1.000000
0.262782	3.402335	4.356630	1.000000
4.348419	2.736248	1.721735	1.000000
2.870979	0.166307	0.635904	1.000000
1.361125	4.583897	5.361285	1.000000
0.232353	1.725517	1.730486	1.000000
0.145606	3.608257	2.789169	1.000000
5.372444	5.193027	4.681442	1.000000
4.420826	4.524222	2.897032	1.000000
4.699321	4.823867	3.878443	1.000000
2.178226	4.071043	2.107621	1.000000
4.082419	4.004898	3.954859	1.000000
0.837163	1.960469	2.778420	1.000000
2.740170	1.956404	0.790581	1.000000
2.605475	4.924770	3.813348	1.000000
3.400264	5.493957	4.876706	1.000000
3.826421	1.656150	5.373469	1.000000
5.451957	1.616981	3.106407	1.000000
2.764500	1.607843	2.120186	1.000000
1.842521	1.445293	2.723822	1.000000
4.443453	5.529158	3.106225	1.000000
5.628989	0.189291	2.727795	1.000000
4.133252	3.288031	2.889687	1.000000
4.390114	3.647817	0.905525	1.000000
2.753601	2.619721	1.610538	1.000000
2.654368	2.194161	5.454582	1.000000
3.117022	0.308073	4.072664	1.000000
5.520095	2.742861	3.779968	1.000000
2.641069	1.824297	3.227589	1.000000
1.911973	0.530497	0.332282	1.000000
0.767369	1.932274	0.061741	1.000000
2.364902	5.473074	1.498121	1.000000
1.740055	1.195027	3.702897	1.000000
4.973369	0.244876	5.393822	1.000000
3.044141	3.589934	1.894805	1.000000
3.555282	2.475339	4.683476	1.000000
2.627615	3.791676	3.013116	1.000000
1.350175	5.670353	5.264455	1.000000
4.587483	3.091374	3.961670	1.000000
0.359647	5.564900	3.579467	1.000000
5.310255	2.455737	1.502186	1.000000
2.341844	4.906218	2.707857	1.000000
1.546303	5.055703	3.352335	1.000000
0.148317	3.611850	1.637535	1.000000
5.053525	4.050886	4.559516	1.000000
4.318373	0.317975	1.430624	1.000000
4.563699	1.895675	2.345617	1.000000
4.462358	1.970085	4.477111	1.000000
2.095817	0.206669	3.219321	1.000000
4.228705	5.326234	0.280929	1.000000
5.302706	5.389882	1.103203	1.000000
4.492602	4.255420	0.106020	1.000000
2.909681	1.189352	0.128070	1.000000
0.932178	3.644717	5.322749	1.000000
0.180642	1.076026	3.814965	1.000000
4.225505	0.340517	4.354088	1.000000
2.108506	2.600013	2.530513	1.000000
0.429665	1.246819	0.799926	1.000000
5.637428	0.514641	4.641561	1.000000
3.610101	1.933277	3.567226	1.000000
1.449628	1.149913	1.004851	1.000000
0.628265	2.127280	3.748940	1.000000
0.829304	5.188571	0.267877	1.000000
0.646769	0.894166	2.874351	1.000000
2.671517	1.061188	4.561331	1.000000
0.313872	0.436244	1.792850	1.000000
1.839571	2.500057	0.740576	1.000000
2.573166	4.890158	4.836903	1.000000
5.397282	2.513411	2.581284	1.000000
2.187849	3.968160	4.881480	1.000000
5.245454	0.650530	0.912809	1.000000
0.387439	0.184700	0.805754	1.000000
4.437850	1.025795	0.414011	1.000000
4.973074	5.368075	2.072075	1.000000
3.592423	4.949469	4.025059	1.000000
3.587262	3.052955	0.983803	1.000000
2.518348	1.018569	1.062255	1.000000
1.713343	3.730973	0.366988	1.000000
3.818879	0.698667	3.472314	1.000000
1.122714	0.573233	4.373692	1.000000
2.070628	5.120996	0.103101	1.000000
0.894490	1.570059	4.843461	1.000000
5.417264	1.949312	0.638014	1.000000
1.555319	4.885337	2.025627	1.000000
5.016104	3.892473	3.535351	1.000000
2.702546	3.088474	0.426353	1.000000
1.968626	3.905395	3.826967	1.000000
2.800694	3.179370	4.968545	1.000000
1.055020	3.774519	1.228770	1.000000
3.032623	3.998957	3.963445	1.000000
1.505482	2.940524	1.756929	1.000000
1.701367	4.809553	4.311889	1.000000
0.676100	4.613132	3.133992	1.000000
3.542939	4.313443	0.772582	1.000000
5.460286	3.238389	0.769295	1.000000
5.405827	3.879601	5.554397	1.000000
4.483126	2.364807	0.789578	1.000000
0.507107	5.253207	2.320132	1.000000
5.091967	0.780332	1.908882	1.000000
5.426838	4.404334	2.092598	1.000000
3.997360	3.377564	4.808648	1.000000
4.408965	5.043131	5.047648	1.000000
4.655593	1.139015	5.043087	1.000000
4.014192	3.982372	2.132742	1.000000
4.724200	3.151352	0.041970	1.000000
5.632618	2.048981	4.530618	1.000000
1.648061	2.275942	3.434138	1.000000
1.491578	4.701913	0.913767	1.000000
4.845486	2.180372	5.484387	1.000000
1.318553	0.080225	2.524950	1.000000
0.882137	3.092246	0.446320	1.000000
3.640936	1.312540	4.364055	1.000000
5.375038	4.834808	3.039907	1.000000
4.595652	1.524857	1.324322	1.000000
3.385062	5.583855	3.119291	1.000000
1.118414	1.246269	1.989483	1.000000
5.283893	4.222770	0.986123	1.000000
1.429498	3.826252	2.837661	1.000000
0.705936	4.260335	2.195567	1.000000
0.623929	2.535668	1.238531	1.000000
1.488670	3.302450	4.519892	1.000000
3.280987	2.702152	2.583683	1.000000
3.655423	1.533278	2.568965	1.000000
