172
0.000000 5.802904
0.000000 5.802904
0.000000 5.802904
4.426434	2.454265	5.579689	1.000000
0.209586	3.083294	1.646478	1.000000
3.280394	3.918702	4.044748	1.000000
2.893929	3.937472	0.072898	1.000000
1.650857	4.093027	0.341944	1.000000
4.313164	1.470667	5.125343	1.000000
5.667050	1.461221	3.527759	1.000000
0.967400	2.513180	4.515160	1.000000
3.134691	5.603860	4.101644	1.000000
3.662890	2.375018	1.488251	1.000000
3.232699	0.914113	5.317470	1.000000
1.142759	1.679408	5.605803	1.000000
3.323054	2.681738	0.538130	1.000000
2.374427	5.110906	0.297709	1.000000
4.905797	4.790810	4.840410	1.000000
1.316699	5.349361	0.583052	1.000000
3.651447	4.317267	4.900771	1.000000
0.668515	2.243345	1.031818	1.000000
2.720818	5.730604	5.062914	1.000000
3.577922	2.987359	4.490931	1.000000
2.895573	1.588294	0.327592	1.000000
0.855490	1.089473	0.614286	1.000000
0.232609	3.340308	4.471267	1.000000
5.085395	4.736991	3.747162	1.000000
3.606607	1.009969	3.024613	1.000000
2.460292	0.802945	2.927381	1.000000
2.477601	5.527129	3.344054	1.000000
0.650060	3.129608	3.530978	1.000000
4.850255	1.437131	1.672785	1.000000
2.361017	5.646512	2.291387	1.000000
2.105857	3.765037	5.256492	1.000000
2.140362	2.055999	5.540376	1.000000
5.381479	2.064057	0.989702	1.000000
4.001631	0.502332	0.003649	1.000000
5.563629	0.038226	4.646697	1.000000
3.604396	3.570126	2.238882	1.000000
5.778949	4.004950	0.115374	1.000000
2.301496	0.933532	0.941633	1.000000
1.587769	0.258414	1.315415	1.000000
3.328176	4.266094	1.558559	1.000000
0.943445	3.535013	0.868489	1.000000
5.059553	1.123490	0.156098	1.000000
0.157455	4.287487	4.913689	1.000000
2.322630	2.869254	0.533530	1.000000
3.361037	4.845548	0.571163	1.000000
4.482286	3.103213	2.560713	1.000000
4.420890	4.560553	1.582239	1.000000
2.464159	4.215410	0.946787	1.000000
0.472545	4.802573	2.628341	1.000000
1.937427	4.987936	1.361726	1.000000
0.853159	3.554912	5.662613	1.000000
5.203590	3.701551	3.230713	1.000000
4.405790	5.405747	4.224847	1.000000
4.146010	0.776243	2.082688	1.000000
2.010503	1.279490	1.925318	1.000000
0.035485	2.622794	2.580314	1.000000
0.764393	1.135241	2.683481	1.000000
3.576815	5.735076	2.636438	1.000000
1.277793	3.548138	4.262030	1.000000
2.730268	4.304423	3.043585	1.000000
4.904289	3.827087	5.128311	1.000000
1.550141	0.454497	2.459343	1.000000
4.036811	1.820977	2.277092	1.000000
1.785294	3.619336	3.269942	1.000000
4.744336	4.594586	2.803776	1.000000
2.906767	2.984947	5.451248	1.000000
4.807132	5.400528	1.128602	1.000000
1.997479	2.447101	2.105494	1.000000
3.229784	0.881761	4.156508	1.000000
0.016789	4.861583	1.740064	1.000000
4.419686	0.386542	4.852738	1.000000
1.423311	4.147913	2.369283	1.000000
3.698840	3.726074	0.757607	1.000000
3.588821	4.708368	2.606004	1.000000
2.251411	2.676237	3.067086	1.000000
5.147092	0.566236	3.747091	1.000000
4.577301	5.750019	3.192100	1.000000
2.920201	0.723406	1.716988	1.000000
1.657996	1.767275	0.976492	1.000000
2.661023	2.104820	1.247891	1.000000
3.655636	1.370982	1.344897	1.000000
3.448338	2.120388	5.307774	1.000000
0.664115	5.764412	5.082836	1.000000
1.719920	4.847122	3.480738	1.000000
2.832865	2.463596	3.920279	1.000000
1.927079	2.197935	4.293774	1.000000
3.258089	5.254803	1.768330	1.000000
0.668437	2.062894	3.600089	1.000000
5.331681	1.747506	2.612345	1.000000
0.129995	1.725239	1.807960	1.000000
5.782949	5.428829	3.418789	1.000000
0.417988	0.641983	3.925915	1.000000
3.031080	3.246000	1.385345	1.000000
5.050615	2.918833	4.668576	1.000000
4.858504	3.501067	0.532517	1.000000
4.505736	1.561712	3.164753	1.000000
3.897318	4.746612	3.642661	1.000000
0.510984	5.138559	4.235166	1.000000
3.771662	5.766125	1.007364	1.000000
0.485271	0.136077	0.698529	1.000000
4.029063	1.612505	0.351641	1.000000
2.571737	5.774948	1.147139	1.000000
1.223260	1.389288	4.208753	1.000000
1.710379	5.453518	5.191489	1.000000
3.115854	1.926395	3.100339	1.000000
1.613868	1.751664	2.969820	1.000000
5.190954	0.743414	2.743727	1.000000
4.871096	1.922053	4.097064	1.000000
5.237933	2.678295	3.490978	1.000000
3.808466	1.916791	4.315540	1.000000
2.713909	1.637252	4.789191	1.000000
0.985162	4.641912	5.621708	1.000000
3.106436	2.649880	2.356911	1.000000
0.210342	1.831154	0.202576	1.000000
0.262601	0.269009	2.624412	1.000000
2.931129	1.669741	2.130887	1.000000
2.978839	0.165307	0.214028	1.000000
4.861294	2.475951	1.768050	1.000000
2.617907	4.623819	5.124580	1.000000
0.240074	0.808685	5.488706	1.000000
4.491836	5.248979	5.779476	1.000000
5.151062	3.816087	2.076245	1.000000
1.376620	5.266963	2.549220	1.000000
2.284755	5.107221	4.294571	1.000000
4.430400	2.560744	0.778226	1.000000
4.356154	3.493168	1.539442	1.000000
4.079975	3.654687	3.355578	1.000000
3.666353	5.388159	5.006342	1.000000
2.375227	1.510137	3.636626	1.000000
2.310899	0.432380	4.151807	1.000000
1.320272	5.714772	3.820693	1.000000
5.654921	0.614942	1.742362	1.000000
0.337015	4.811658	0.585555	1.000000
0.185437	2.630236	5.355396	1.000000
0.958655	4.205871	3.285717	1.000000
0.274349	3.798994	2.459445	1.000000
4.741043	3.799540	4.135669	1.000000
1.701238	2.848323	5.106231	1.000000
2.471729	3.186164	4.513198	1.000000
0.146670	4.170073	3.910388	1.000000
1.303636	4.516902	4.564068	1.000000
1.058035	4.378905	1.434014	1.000000
5.635669	5.087309	5.510330	1.000000
3.877715	3.314371	5.656202	1.000000
0.071241	2.958242	0.523930	1.000000
0.355107	1.449741	4.715724	1.000000
0.996429	1.031149	1.701632	1.000000
0.712456	5.702054	1.788468	1.000000
5.039259	4.490215	0.703717	1.000000
3.237278	3.106695	3.250487	1.000000
5.252391	5.477429	2.462540	1.000000
1.463516	0.574672	4.807970	1.000000
5.175703	2.001698	5.066276	1.000000
1.228943	2.633299	0.244688	1.000000
5.790184	2.325213	4.330940	1.000000
2.192142	1.000310	5.602326	1.000000
1.844227	3.504330	1.460987	1.000000
4.247278	1.031985	4.090648	1.000000
0.962600	2.081593	2.275848	1.000000
2.525291	3.470191	2.518443	1.000000
5.261736	0.996016	4.693884	1.000000
4.195533	2.546560	3.395119	1.000000
5.307207	0.174570	0.366594	1.000000
1.576425	0.820766	3.413766	1.000000
1.358292	0.470683	0.009774	1.000000
4.264963	4.213045	0.074227	1.000000
1.107125	3.123068	2.307108	1.000000
0.008215	3.967003	1.187774	1.000000
4.462523	0.726317	1.031450	1.000000
2.137160	4.066891	4.151590	1.000000
2.387775	4.321875	1.961524	1.000000
4.322275	5.480485	2.003505	1.000000
