172
0.000000 5.750275
0.000000 5.750275
0.000000 5.750275
2.604181	5.727537	5.381415	1.000000
1.490704	2.375712	0.738674	1.000000
2.329435	2.964312	4.210824	1.000000
4.673537	3.511577	0.376526	1.000000
1.657666	3.164833	1.341577	1.000000
4.667226	0.452295	1.779105	1.000000
3.577744	5.422296	4.481096	1.000000
5.745504	1.756866	3.200050	1.000000
0.936444	2.404012	3.841899	1.000000
0.302945	1.748045	4.284462	1.000000
1.301866	3.438528	2.678269	1.000000
1.152989	1.187988	4.624287	1.000000
2.037700	2.830680	5.173989	1.000000
5.713801	5.505816	2.826740	1.000000
2.345827	5.070588	1.062230	1.000000
2.572913	0.127356	2.915914	1.000000
4.424907	4.923009	5.518166	1.000000
0.817730	3.062144	5.391535	1.000000
2.605922	3.496943	1.596873	1.000000
2.824873	3.821713	2.536430	1.000000
3.794595	2.477354	3.383772	1.000000
0.656901	1.717227	1.292522	1.000000
1.018308	2.172188	4.975071	1.000000
0.329907	4.569950	3.985916	1.000000
3.501349	1.786940	5.216380	1.000000
3.007850	5.712543	1.697224	1.000000
3.986034	4.127494	2.104354	1.000000
3.305411	1.320302	4.197322	1.000000
3.076600	2.159130	2.444903	1.000000
3.803405	5.229644	1.319121	1.000000
0.454513	5.125746	1.021250	1.000000
1.553083	5.522304	5.460157	1.000000
0.893633	3.334247	0.696070	1.000000
4.133286	0.997278	3.738704	1.000000
5.629668	5.734674	1.708377	1.000000
4.475307	2.654727	2.591212	1.000000
2.019626	0.802798	4.943849	1.000000
1.206813	5.247331	2.976303	1.000000
2.012763	0.268865	1.231769	1.000000
1.844764	1.982744	4.167189	1.000000
5.280940	3.518617	4.371414	1.000000
3.866753	2.725597	0.471886	1.000000
4.913283	1.649022	2.165993	1.000000
2.563081	3.910730	5.389233	1.000000
2.546439	4.920879	2.497060	1.000000
5.354898	4.483729	2.445534	1.000000
4.013454	0.432592	0.923718	1.000000
3.178757	4.734350	0.595667	1.000000
3.548951	1.409849	3.009576	1.000000
2.897091	4.994574	3.771587	1.000000
5.534307	3.928222	3.324721	1.000000
4.649118	1.769104	3.359479	1.000000
4.149704	4.454262	0.766806	1.000000
2.399252	4.061241	0.736551	1.000000
1.627535	0.667500	2.911569	1.000000
0.019179	2.822315	3.309370	1.000000
5.581184	5.319086	4.935880	1.000000
4.636579	3.390791	1.485705	1.000000
4.805069	4.751306	4.455543	1.000000
2.427441	2.131135	1.562995	1.000000
3.736036	3.483506	3.475299	1.000000
0.653505	2.888992	1.593837	1.000000
3.518830	1.375297	0.985009	1.000000
2.042739	5.221637	4.612587	1.000000
2.840041	0.088201	0.639387	1.000000
3.197317	0.858637	5.615093	1.000000
4.558089	0.734354	2.814818	1.000000
3.385466	0.243887	3.528824	1.000000
2.074429	3.697340	3.481798	1.000000
5.121241	4.881182	3.374962	1.000000
3.932241	4.423388	3.071365	1.000000
0.681241	4.096270	1.402356	1.000000
5.378451	2.072327	1.206044	1.000000
3.625222	0.629801	2.337120	1.000000
3.430003	2.456973	1.424871	1.000000
2.941089	3.919083	3.989242	1.000000
1.621619	1.713731	2.746619	1.000000
2.563059	1.651968	4.836126	1.000000
2.774993	1.694419	0.272429	1.000000
0.295797	2.861096	4.470182	1.000000
1.730205	4.400582	2.756241	1.000000
1.909198	5.658674	3.638359	1.000000
5.686764	1.933695	5.280549	1.000000
2.213830	2.957551	2.374272	1.000000
3.031904	2.655797	5.444238	1.000000
3.532973	3.210017	2.123302	1.000000
1.380014	4.766800	3.921438	1.000000
4.101229	2.992849	4.280780	1.000000
4.335923	5.521601	3.369064	1.000000
0.139467	3.706782	0.103415	1.000000
1.650910	4.426652	1.525625	1.000000
1.389472	3.973998	5.284278	1.000000
4.807329	5.100066	1.473924	1.000000
5.717456	5.553061	3.932494	1.000000
4.209513	1.256938	0.144620	1.000000
4.118698	1.923403	4.211521	1.000000
5.365901	2.963354	5.329470	1.000000
0.983345	4.830157	4.880639	1.000000
1.751893	1.327724	0.867925	1.000000
5.454386	4.170360	1.017115	1.000000
4.458439	3.625942	5.119754	1.000000
5.444858	1.462358	0.401492	1.000000
2.000447	4.084251	4.419557	1.000000
5.049904	1.275245	4.305093	1.000000
3.938202	0.754049	4.731668	1.000000
2.579584	1.175118	2.610775	1.000000
0.264603	5.723203	0.107115	1.000000
4.780869	0.115774	4.263673	1.000000
2.276503	0.840141	3.655785	1.000000
2.216273	0.737419	0.188364	1.000000
2.641890	1.945016	3.402252	1.000000
5.166666	0.224522	0.839056	1.000000
0.687029	0.367195	3.153653	1.000000
1.684094	1.653541	5.589828	1.000000
5.713097	0.757146	2.527974	1.000000
4.558989	1.457088	1.070072	1.000000
2.284867	4.857696	0.037450	1.000000
0.463670	2.440181	0.428642	1.000000
3.372800	3.462654	4.796985	1.000000
4.717596	0.360559	5.689561	1.000000
5.423648	1.059818	1.419471	1.000000
4.145654	2.680187	5.233046	1.000000
3.537139	5.206716	2.522763	1.000000
3.089773	4.398857	1.583488	1.000000
4.705043	3.673077	2.746371	1.000000
3.670550	5.726802	5.441873	1.000000
0.517401	3.908805	4.783951	1.000000
2.820601	0.388979	4.376161	1.000000
5.298658	0.684877	3.525220	1.000000
1.234495	5.681213	0.675341	1.000000
0.721039	1.492624	0.221634	1.000000
0.706435	1.425901	2.271572	1.000000
0.501624	4.983953	2.030580	1.000000
4.774647	2.837877	3.534629	1.000000
3.500786	4.252671	5.517206	1.000000
0.751562	2.335148	2.708998	1.000000
3.203406	2.415073	4.235283	1.000000
1.382783	4.338704	0.469456	1.000000
2.957514	4.681646	4.760533	1.000000
0.917629	0.278329	1.928951	1.000000
0.552451	4.739227	0.079727	1.000000
0.678353	4.301451	2.902419	1.000000
3.130349	3.415451	0.346494	1.000000
3.812362	4.523101	4.102683	1.000000
5.440941	0.789252	5.096039	1.000000
4.451466	2.362240	1.626026	1.000000
1.235896	0.195431	4.441827	1.000000
3.950102	1.488328	1.927943	1.000000
2.454200	2.719251	0.670009	1.000000
4.609294	3.944948	3.741475	1.000000
5.283120	5.075391	0.415164	1.000000
4.685068	1.791845	5.187036	1.000000
3.631485	3.619860	1.194500	1.000000
1.157807	3.457805	4.065021	1.000000
5.096499	2.279986	4.315374	1.000000
0.987136	1.409889	3.571596	1.000000
1.698316	5.357853	2.051001	1.000000
4.918599	2.379238	0.337692	1.000000
1.748749	2.685810	3.233044	1.000000
0.484936	0.697189	0.814045	1.000000
0.334234	0.726953	4.184269	1.000000
0.207565	3.453789	2.538637	1.000000
5.491409	2.519067	2.154699	1.000000
4.771251	5.326397	2.450183	1.000000
2.581565	1.103097	1.406503	1.000000
5.401471	4.372939	5.211660	1.000000
5.437109	3.044393	0.913028	1.000000
1.495276	2.357822	1.971651	1.000000
1.620638	1.076451	1.841386	1.000000
1.799026	3.407357	0.264710	1.000000
2.887281	2.965599	3.138311	1.000000
1.122141	0.699616	5.502593	1.000000
