172
0.000000 5.759664
0.000000 5.759664
0.000000 5.759664
1.591297	1.306720	3.462533	1.000000
2.463247	1.355992	5.189134	1.000000
2.949611	4.791885	5.047309	1.000000
1.680284	2.366322	0.973258	1.000000
0.176556	0.574609	0.053316	1.000000
3.833103	5.038951	3.406221	1.000000
4.811078	3.166578	3.597042	1.000000
0.861920	2.290638	5.579701	1.000000
5.275900	1.670204	2.756520	1.000000
4.409568	3.869325	4.811824	1.000000
1.410124	3.159971	2.361469	1.000000
5.512581	1.466928	1.034542	1.000000
0.594440	0.338933	4.910459	1.000000
4.756743	4.256456	1.716487	1.000000
2.978524	3.678290	1.150631	1.000000
1.315057	4.497004	4.788191	1.000000
2.833547	4.278766	0.309799	1.000000
4.617532	1.189167	3.914332	1.000000
0.837458	4.898767	2.403029	1.000000
1.499357	0.874591	4.592227	1.000000
3.530796	2.020304	2.753294	1.000000
0.412278	3.219615	2.135525	1.000000
2.652780	2.161071	0.462006	1.000000
5.551436	2.953438	5.258080	1.000000
2.714833	2.229797	3.310956	1.000000
2.921314	0.386212	5.215943	1.000000
3.961993	4.800774	4.467817	1.000000
5.385652	4.741683	1.097108	1.000000
4.858483	5.080200	5.329861	1.000000
4.989769	5.329283	3.327326	1.000000
1.746072	4.797754	0.389806	1.000000
1.105432	3.980713	1.845557	1.000000
3.145624	1.229930	3.305023	1.000000
3.843214	3.675406	3.852838	1.000000
5.687201	2.087304	3.690820	1.000000
1.558039	1.833000	4.898799	1.000000
5.370097	0.121031	4.955006	1.000000
3.898941	5.563609	5.206953	1.000000
5.565335	0.944337	2.025497	1.000000
1.808357	1.604716	0.149375	1.000000
1.829423	0.315764	3.795967	1.000000
3.797232	1.757337	3.995953	1.000000
4.557267	2.593522	0.093960	1.000000
0.814504	1.736375	0.792223	1.000000
5.646612	5.254195	0.252820	1.000000
4.562222	1.293070	0.167992	1.000000
3.790956	3.375479	5.631288	1.000000
0.574611	5.526196	0.967313	1.000000
1.996673	4.816197	4.117186	1.000000
0.342664	3.493639	0.422873	1.000000
5.159242	0.647788	3.118372	1.000000
1.052834	5.380120	4.303095	1.000000
4.756079	0.070645	0.274797	1.000000
2.837100	3.396999	3.269174	1.000000
1.657429	1.512179	2.450056	1.000000
5.657717	3.687104	3.972293	1.000000
0.701400	1.388559	1.894660	1.000000
0.007122	2.669561	1.045022	1.000000
4.587193	5.464788	1.393452	1.000000
2.366528	5.253826	1.134195	1.000000
5.652591	2.049555	0.219900	1.000000
4.580969	4.358516	3.495519	1.000000
5.090845	2.982482	1.796040	1.000000
1.051171	3.236676	1.099586	1.000000
3.407426	0.708029	2.384041	1.000000
3.265523	2.627459	1.752726	1.000000
5.632704	2.085025	1.891896	1.000000
5.148722	2.218209	4.652895	1.000000
3.142264	5.492409	4.182528	1.000000
2.714025	1.974495	4.415684	1.000000
2.702181	0.644587	4.269613	1.000000
4.215242	0.276448	3.408148	1.000000
2.157243	3.855213	2.352864	1.000000
1.756314	5.402464	5.065950	1.000000
0.550215	1.521365	4.570842	1.000000
1.379458	3.814822	0.336094	1.000000
3.657219	1.065251	5.397880	1.000000
3.815788	2.943452	0.887947	1.000000
2.872060	0.398881	1.240814	1.000000
2.123072	4.149946	5.326604	1.000000
5.511320	2.719214	2.855476	1.000000
4.346672	1.736388	5.054672	1.000000
3.701263	0.804570	4.381635	1.000000
1.601264	0.586670	5.749266	1.000000
5.510062	3.999799	4.967003	1.000000
3.268182	5.277859	0.345065	1.000000
4.510401	4.885327	0.521401	1.000000
3.887213	4.317322	1.119811	1.000000
2.339709	5.667850	0.172944	1.000000
0.598522	4.337181	0.937777	1.000000
0.201916	5.664434	2.848076	1.000000
0.342110	1.039482	2.885624	1.000000
3.064390	4.405742	3.935661	1.000000
0.615677	3.168225	3.485136	1.000000
4.861368	3.348496	0.878980	1.000000
2.330820	3.726478	4.308568	1.000000
2.402509	1.948478	1.890625	1.000000
0.615459	4.486726	5.651863	1.000000
4.351895	2.407514	2.209716	1.000000
3.654296	5.325293	2.450017	1.000000
2.059456	4.223394	1.381792	1.000000
5.622759	3.780712	1.369090	1.000000
5.107279	4.993479	4.264479	1.000000
2.339747	3.134874	0.528478	1.000000
4.815190	2.305631	1.083344	1.000000
4.639652	1.380478	1.922980	1.000000
1.854340	4.481012	3.084457	1.000000
5.271930	3.809426	2.869754	1.000000
2.363942	5.333763	3.315631	1.000000
4.532387	0.333535	2.244278	1.000000
1.690239	2.391916	3.054500	1.000000
1.896374	1.308294	1.131267	1.000000
0.851139	4.452889	3.852266	1.000000
5.336653	1.412821	5.257815	1.000000
0.853130	1.277234	5.539852	1.000000
4.662497	5.020582	2.410183	1.000000
1.667624	2.828382	5.230948	1.000000
4.034495	3.452074	1.741942	1.000000
4.914185	4.036164	0.055661	1.000000
1.241996	0.505137	2.927651	1.000000
4.439232	0.008598	4.358109	1.000000
4.182001	3.399717	2.827253	1.000000
2.274184	3.022173	1.527139	1.000000
1.353787	3.388517	4.256213	1.000000
3.135266	3.653836	2.288250	1.000000
3.030084	2.999750	4.170984	1.000000
3.610548	1.742551	0.411449	1.000000
1.105367	2.239227	3.851434	1.000000
0.994790	5.504783	5.733975	1.000000
3.800192	0.514393	0.507073	1.000000
0.844379	0.774971	1.111404	1.000000
4.552444	0.709398	5.076822	1.000000
1.345681	4.986824	1.410229	1.000000
0.104694	5.559244	3.924544	1.000000
2.753915	5.739602	2.144564	1.000000
4.299151	1.266699	2.931326	1.000000
2.837021	3.129048	5.353305	1.000000
0.995207	0.082715	1.873253	1.000000
3.014036	1.440323	1.217821	1.000000
5.491302	0.334647	0.961704	1.000000
1.939753	0.434352	1.736811	1.000000
3.189756	0.153304	3.211466	1.000000
3.311068	3.874861	4.797410	1.000000
3.864870	4.572236	5.530660	1.000000
1.547185	0.079091	0.850444	1.000000
2.293547	0.696309	2.767857	1.000000
0.266401	4.939316	4.767682	1.000000
0.605381	3.958752	2.809957	1.000000
1.867872	5.283094	2.229282	1.000000
1.213566	5.269032	3.263238	1.000000
5.666467	4.538859	2.276380	1.000000
1.049016	2.359613	1.847709	1.000000
2.906778	4.680025	2.758660	1.000000
3.774533	2.720215	3.545721	1.000000
4.204064	2.637378	4.624595	1.000000
5.663185	0.799771	4.101602	1.000000
2.866117	1.014255	0.284107	1.000000
4.577813	2.169082	3.273066	1.000000
3.864543	0.875994	1.507879	1.000000
5.743205	5.552601	1.870550	1.000000
0.825131	0.501709	3.846529	1.000000
2.065484	2.613850	3.973601	1.000000
3.522275	5.337486	1.342005	1.000000
0.732550	2.041512	2.828256	1.000000
3.933306	1.874784	1.363247	1.000000
5.689675	4.570399	3.451031	1.000000
3.871959	4.340388	2.650332	1.000000
0.735428	3.530247	5.105728	1.000000
3.480455	2.231815	5.285081	1.000000
0.504397	2.719062	4.491622	1.000000
3.089101	4.495145	1.729987	1.000000
1.630173	3.510238	3.274896	1.000000
