172
0.000000 5.754217
0.000000 5.754217
0.000000 5.754217
2.695807	5.633775	5.234618	1.000000
1.458432	2.262558	0.709447	1.000000
2.314071	3.158407	4.150068	1.000000
4.838646	3.594523	0.200249	1.000000
1.791140	3.173920	1.366903	1.000000
4.498301	0.463342	1.811429	1.000000
3.694940	5.731856	4.214395	1.000000
5.638056	1.504106	3.171153	1.000000
0.917631	2.410922	3.771911	1.000000
0.279024	1.804580	4.316562	1.000000
1.244300	3.662446	3.075159	1.000000
1.134083	1.183644	4.619293	1.000000
1.955270	2.679054	5.134990	1.000000
5.557688	5.310189	2.764607	1.000000
2.355216	4.983945	1.098574	1.000000
2.382072	0.305040	2.812571	1.000000
4.431561	4.940221	5.211304	1.000000
1.002006	3.051717	5.220293	1.000000
2.894903	3.471379	1.590050	1.000000
3.024584	4.034028	2.602613	1.000000
3.778638	2.396982	3.352153	1.000000
0.795386	1.626676	1.400165	1.000000
0.997973	2.052599	5.105658	1.000000
0.385170	4.687387	4.227995	1.000000
3.608122	1.789874	5.206718	1.000000
2.790771	0.031081	1.930547	1.000000
4.186745	4.419408	2.336273	1.000000
3.151301	1.536733	4.061030	1.000000
3.188268	2.187066	2.562479	1.000000
3.779857	5.543813	1.626814	1.000000
0.233881	4.974840	1.177184	1.000000
1.732313	5.537874	5.505153	1.000000
0.870210	3.288487	0.870670	1.000000
4.177390	0.851086	3.800806	1.000000
5.663336	0.011772	1.726482	1.000000
4.478000	2.436965	2.428392	1.000000
1.969198	0.723513	4.930720	1.000000
1.042172	5.454458	2.754723	1.000000
1.957641	0.299038	1.214760	1.000000
1.960423	2.135657	4.282541	1.000000
5.193853	3.493527	4.361005	1.000000
3.918183	2.310085	0.527717	1.000000
5.100090	1.591687	2.322918	1.000000
2.484599	3.802811	5.340722	1.000000
2.566105	4.791469	2.070016	1.000000
5.335419	4.420531	2.307577	1.000000
4.140160	0.392660	0.795484	1.000000
3.478851	5.165757	0.311734	1.000000
3.550682	1.439591	3.129546	1.000000
2.626361	4.994695	3.275044	1.000000
0.332161	3.746415	3.811134	1.000000
4.639354	1.710761	3.282530	1.000000
4.207151	4.455754	0.957516	1.000000
2.520656	4.013330	0.734210	1.000000
1.484227	0.752811	2.824229	1.000000
5.737664	2.719509	3.457585	1.000000
0.185629	5.402478	5.095050	1.000000
4.802498	3.648518	1.652586	1.000000
5.141021	4.619045	4.397091	1.000000
2.469509	2.069639	1.573767	1.000000
3.603156	3.467907	3.449294	1.000000
0.608882	2.809495	1.745149	1.000000
3.521198	1.181584	0.809821	1.000000
2.391895	5.264186	4.320109	1.000000
3.052887	0.274939	0.947554	1.000000
3.135444	0.906447	5.356753	1.000000
4.486451	0.849859	2.743648	1.000000
3.195608	0.499313	3.372292	1.000000
2.220841	3.766753	3.325529	1.000000
5.268163	4.375081	3.373486	1.000000
3.720013	4.605655	3.265924	1.000000
0.396849	3.887320	1.517436	1.000000
5.532987	1.998210	1.312982	1.000000
3.558945	0.618440	2.256023	1.000000
3.432150	2.612920	1.545829	1.000000
3.009639	4.215668	3.867873	1.000000
1.569899	1.935532	2.749848	1.000000
2.533906	1.643990	4.986670	1.000000
2.726596	1.776938	0.391837	1.000000
0.321124	2.946927	4.445934	1.000000
1.719648	4.456146	2.678989	1.000000
1.753915	5.713795	3.537887	1.000000
5.638648	1.897597	5.331630	1.000000
2.116382	3.159763	2.380636	1.000000
2.930148	2.601145	5.380134	1.000000
3.669145	3.297134	2.352383	1.000000
1.329881	4.782092	3.748235	1.000000
4.127927	3.139366	4.382781	1.000000
4.607937	5.217440	3.675007	1.000000
0.213601	3.525849	0.086731	1.000000
1.356734	3.873890	1.944875	1.000000
1.354135	4.273798	5.549457	1.000000
4.770674	5.195773	1.604859	1.000000
5.584143	5.527985	3.996454	1.000000
4.303530	1.112729	0.002494	1.000000
4.079325	1.888267	4.228357	1.000000
5.213832	2.808114	5.131216	1.000000
1.275847	4.888683	4.757721	1.000000
1.934762	1.276581	0.892386	1.000000
5.207873	4.227780	0.919928	1.000000
4.302069	3.896210	5.076304	1.000000
5.315819	1.226173	0.399519	1.000000
1.986417	4.106027	4.256792	1.000000
4.992773	1.266741	4.417443	1.000000
4.051101	0.951891	4.790964	1.000000
2.454217	1.330525	2.623348	1.000000
0.106765	0.189457	0.178938	1.000000
4.840375	0.293308	4.669121	1.000000
2.152415	0.875833	3.627055	1.000000
2.224077	0.559737	0.205885	1.000000
2.507804	1.959285	3.402195	1.000000
5.117312	0.203704	0.907683	1.000000
0.504877	0.365983	3.285439	1.000000
1.696811	1.398924	5.647682	1.000000
5.529704	0.670716	2.523635	1.000000
4.559822	1.669570	1.220252	1.000000
2.325044	4.753826	0.015129	1.000000
0.493985	2.506057	0.312443	1.000000
3.212875	3.522333	4.680422	1.000000
4.810973	0.102494	5.708690	1.000000
5.539002	1.012156	1.500873	1.000000
4.058573	2.996943	5.489238	1.000000
3.411729	5.384230	2.706555	1.000000
3.436124	4.385849	1.596936	1.000000
4.646502	3.575422	2.780018	1.000000
3.823402	5.738275	5.232522	1.000000
0.574558	3.932437	4.967510	1.000000
2.839208	0.596554	4.417230	1.000000
5.153012	0.605040	3.477075	1.000000
1.294247	5.401684	0.643718	1.000000
0.631255	1.481994	0.263835	1.000000
0.624498	1.601442	2.477764	1.000000
0.666732	4.743849	2.114297	1.000000
4.724940	2.828121	3.458236	1.000000
3.548878	4.118503	0.055664	1.000000
0.766511	2.567851	2.711818	1.000000
3.272818	2.551075	4.279702	1.000000
1.252939	4.257577	0.845981	1.000000
3.187981	4.770504	5.063629	1.000000
0.746537	0.506263	2.127682	1.000000
0.445868	4.547589	0.236666	1.000000
0.549525	4.562817	3.137019	1.000000
3.222265	3.190451	0.404476	1.000000
3.997186	4.677793	4.302569	1.000000
5.523225	0.795105	5.208644	1.000000
4.610182	2.740412	1.181052	1.000000
1.197360	0.170006	4.368173	1.000000
3.614955	1.625550	1.800181	1.000000
2.385119	2.664594	0.719787	1.000000
4.471078	3.866448	3.775808	1.000000
5.221045	4.888129	0.091766	1.000000
4.646985	1.877256	5.165092	1.000000
3.907066	3.465165	1.223520	1.000000
1.228898	3.337712	4.180848	1.000000
5.067971	2.276761	4.219528	1.000000
1.070527	1.405006	3.467551	1.000000
1.698273	5.283612	1.998344	1.000000
5.128295	2.467290	0.367202	1.000000
1.790540	2.793580	3.299430	1.000000
0.571064	0.532869	1.061027	1.000000
0.267510	0.625373	4.286951	1.000000
0.217012	3.569443	2.818314	1.000000
5.447655	2.691726	2.345551	1.000000
4.601704	5.563071	2.581035	1.000000
2.661146	1.002612	1.588388	1.000000
5.334321	4.061900	5.220719	1.000000
5.532376	3.205231	1.033590	1.000000
1.495941	2.289300	1.738749	1.000000
1.710597	1.173759	1.893154	1.000000
1.822268	3.456026	0.274875	1.000000
2.797617	2.899172	3.179147	1.000000
1.013799	0.560974	5.658562	1.000000
