172
0.000000 5.756337
0.000000 5.756337
0.000000 5.756337
2.901159	5.371047	5.189184	1.000000
1.500724	2.456793	0.443201	1.000000
2.259070	3.541693	4.263858	1.000000
4.314088	3.672238	0.234474	1.000000
1.986153	3.313792	1.531487	1.000000
4.584703	0.480884	1.696101	1.000000
3.899277	5.498540	3.682779	1.000000
5.557495	1.621379	3.510782	1.000000
1.486996	2.647034	4.199324	1.000000
0.401296	2.319726	3.958896	1.000000
0.818928	3.617383	3.112731	1.000000
1.460885	0.877913	4.198451	1.000000
1.823207	2.490330	5.143304	1.000000
0.010677	5.478542	2.883756	1.000000
2.035276	5.284139	0.880420	1.000000
2.135590	0.167729	2.557542	1.000000
3.952822	5.336725	5.087534	1.000000
1.265103	3.332586	5.262491	1.000000
3.045388	3.353757	1.453051	1.000000
2.901312	3.807251	2.752283	1.000000
3.704816	2.080121	3.049954	1.000000
0.620760	1.361357	1.072387	1.000000
1.005424	1.835285	4.610726	1.000000
5.637747	4.318000	4.513640	1.000000
3.571994	1.907926	5.088626	1.000000
2.638344	5.409201	1.798941	1.000000
4.052040	4.370937	2.099476	1.000000
3.305223	1.628255	4.048342	1.000000
3.059256	1.911021	2.157131	1.000000
3.727359	5.433998	1.460845	1.000000
0.285444	5.007452	0.662795	1.000000
1.689479	5.640874	5.386340	1.000000
0.989743	3.329929	1.131208	1.000000
3.967602	0.812536	3.817661	1.000000
5.590770	0.018645	1.896235	1.000000
4.258867	2.316859	2.211086	1.000000
2.187888	0.301347	4.607802	1.000000
0.992946	5.654409	2.748064	1.000000
2.117474	0.435526	1.334010	1.000000
2.099072	1.708309	4.469851	1.000000
4.820567	3.505964	4.234851	1.000000
3.975668	2.190120	0.239073	1.000000
5.255734	1.661476	2.472304	1.000000
2.955654	3.709368	5.652782	1.000000
1.918177	4.320830	1.659147	1.000000
5.287432	4.566181	2.246253	1.000000
4.085296	0.383169	0.808089	1.000000
3.185973	5.044599	0.694448	1.000000
3.190441	1.166193	2.891539	1.000000
2.558522	4.977536	2.751250	1.000000
5.743582	3.401196	3.706031	1.000000
4.466558	1.407643	3.177364	1.000000
4.190228	4.910892	0.686578	1.000000
2.538693	4.038316	0.869756	1.000000
1.692945	0.994718	3.068036	1.000000
0.007160	2.610763	3.040181	1.000000
5.380781	0.374823	4.853808	1.000000
4.825376	3.702481	1.835723	1.000000
4.905390	5.071484	4.911111	1.000000
2.230567	2.323978	1.735356	1.000000
3.119344	3.202118	3.607366	1.000000
0.764798	2.869789	2.259771	1.000000
3.473082	1.299120	1.184844	1.000000
2.404664	4.909999	4.321963	1.000000
3.050877	0.372186	0.799340	1.000000
3.404380	1.317718	0.163858	1.000000
3.895371	0.375813	2.905254	1.000000
2.960352	0.098561	3.282553	1.000000
2.066430	4.184856	3.405459	1.000000
5.153931	4.315825	3.565759	1.000000
4.200050	4.742810	3.061285	1.000000
0.108481	4.316668	1.384764	1.000000
5.416221	1.962545	1.447038	1.000000
3.380206	0.517983	1.935773	1.000000
3.600371	2.298756	1.311560	1.000000
3.160535	4.699873	3.547891	1.000000
1.695351	1.894019	2.560974	1.000000
2.827686	1.112522	4.999221	1.000000
2.478825	1.670944	0.013908	1.000000
0.335734	3.124644	4.651325	1.000000
1.563506	4.661197	2.535722	1.000000
2.001708	0.015116	3.589975	1.000000
0.032855	2.581265	5.477426	1.000000
1.784655	3.463474	2.506683	1.000000
2.794717	2.594947	5.544290	1.000000
3.898067	3.278979	2.190469	1.000000
1.078985	4.599622	3.588740	1.000000
4.048488	2.796207	4.129619	1.000000
4.889991	5.430445	3.557388	1.000000
0.269311	3.553878	0.420241	1.000000
0.869061	3.908720	2.023868	1.000000
1.231109	4.705870	5.733357	1.000000
4.919901	5.178941	1.394679	1.000000
5.726111	5.297962	4.130076	1.000000
4.429334	1.241501	0.228767	1.000000
4.313946	1.799912	4.111928	1.000000
4.918951	3.031451	5.211664	1.000000
1.047177	4.817501	4.738481	1.000000
1.500453	0.888882	0.681527	1.000000
4.958168	4.196691	0.855045	1.000000
4.291485	3.919158	4.998584	1.000000
5.219977	1.933962	0.264000	1.000000
1.860131	4.213860	4.911693	1.000000
5.324378	1.454193	4.749157	1.000000
4.274360	1.006428	4.903916	1.000000
2.380597	1.056662	2.138881	1.000000
5.640793	0.182303	0.175550	1.000000
4.524440	0.097231	4.407892	1.000000
2.494196	1.011491	3.742920	1.000000
2.394920	0.562827	0.043689	1.000000
2.493327	1.934728	3.203410	1.000000
5.225155	0.929734	0.819707	1.000000
0.413004	0.697123	3.167939	1.000000
1.494455	1.104040	5.408017	1.000000
5.192221	0.617120	2.619098	1.000000
4.488693	1.698546	1.141854	1.000000
2.245045	4.705223	0.086528	1.000000
0.401485	2.556986	0.703158	1.000000
3.295066	3.429565	4.582714	1.000000
4.655122	0.330583	5.546805	1.000000
5.651356	1.038639	1.751652	1.000000
3.900659	3.041435	5.321440	1.000000
3.522169	5.225892	2.436740	1.000000
2.999657	4.456218	1.737652	1.000000
4.663897	3.613147	2.838122	1.000000
3.478208	0.384058	5.540205	1.000000
0.453117	4.047568	5.324396	1.000000
3.360292	0.202549	4.519220	1.000000
5.218747	0.665467	3.721506	1.000000
0.924200	0.114179	0.349631	1.000000
0.803360	1.794087	5.648804	1.000000
0.626344	1.827847	2.618113	1.000000
0.618534	5.072288	1.956421	1.000000
4.637453	2.700357	3.267479	1.000000
3.696360	4.477998	5.647646	1.000000
1.129423	2.602799	3.194585	1.000000
2.716269	2.635995	4.382369	1.000000
1.227220	4.558980	0.974786	1.000000
3.243882	4.424370	4.672223	1.000000
0.801268	0.922429	2.210398	1.000000
0.226539	5.025842	5.272409	1.000000
0.397989	4.494401	2.783813	1.000000
3.497008	3.148857	0.569217	1.000000
4.218280	4.676541	4.173356	1.000000
0.253088	0.980791	5.400326	1.000000
4.519148	2.811267	1.330605	1.000000
0.952402	5.613989	3.907404	1.000000
3.904741	1.370778	2.156470	1.000000
2.411159	2.976135	0.675665	1.000000
3.933109	3.847429	3.527608	1.000000
5.048716	5.131350	0.147935	1.000000
4.587435	2.087061	5.154258	1.000000
3.894643	3.954384	1.175310	1.000000
1.250273	3.687215	4.144774	1.000000
5.138202	2.416287	4.139764	1.000000
1.049838	1.601571	3.636359	1.000000
1.638016	5.422976	1.794473	1.000000
5.054690	2.939655	0.464276	1.000000
2.115909	2.954476	3.324129	1.000000
0.981660	0.315586	1.404447	1.000000
0.308372	0.969592	4.161244	1.000000
5.736569	3.602615	2.546807	1.000000
5.184926	2.813089	2.232051	1.000000
4.644782	5.432825	2.464893	1.000000
2.473369	1.507681	1.133910	1.000000
5.195207	4.108545	5.416763	1.000000
0.003224	3.234775	1.353740	1.000000
1.104704	2.361838	1.397629	1.000000
1.518417	1.450502	1.536483	1.000000
1.536893	3.781071	0.392733	1.000000
3.047504	2.810859	2.671743	1.000000
0.785271	0.183615	4.915646	1.000000
