172
0.000000 5.804253
0.000000 5.804253
0.000000 5.804253
4.275679	2.820131	5.637231	1.000000
0.521490	2.243324	1.157417	1.000000
2.245533	3.755614	3.748783	1.000000
2.837837	4.663401	5.405268	1.000000
1.134090	3.799943	5.682639	1.000000
3.751892	1.839121	4.447971	1.000000
5.114155	0.839836	3.348828	1.000000
0.756352	2.783713	3.956192	1.000000
2.702439	0.079316	3.496997	1.000000
2.746702	1.903098	1.155821	1.000000
3.706030	1.281160	5.590063	1.000000
5.766878	2.311796	5.075737	1.000000
3.035587	2.981053	0.578395	1.000000
2.419848	5.450252	0.105250	1.000000
4.700708	4.480323	5.444426	1.000000
1.508112	5.485900	0.523076	1.000000
4.263397	3.636574	4.991858	1.000000
5.617148	1.306695	1.479468	1.000000
2.763444	0.040740	4.784072	1.000000
3.886491	2.831044	4.501157	1.000000
3.588949	1.013154	0.743070	1.000000
0.563424	0.814458	0.963592	1.000000
5.279074	4.390837	4.592544	1.000000
4.722056	5.065966	4.036857	1.000000
3.334313	1.220874	3.508506	1.000000
2.802821	1.652019	2.667676	1.000000
2.247979	0.724689	2.879861	1.000000
0.633326	3.865217	4.047429	1.000000
4.800399	0.482717	2.116942	1.000000
2.265157	0.387194	1.721022	1.000000
2.147041	3.914049	5.371416	1.000000
2.534583	2.020525	0.139691	1.000000
5.434375	0.860652	0.437557	1.000000
3.565086	0.188876	5.665805	1.000000
4.354847	5.599910	5.194511	1.000000
4.384071	3.608479	1.827061	1.000000
5.710509	4.327575	5.764488	1.000000
1.339177	0.706842	0.155394	1.000000
1.324009	0.232176	1.338874	1.000000
2.892794	4.297741	2.043350	1.000000
1.197372	3.426975	0.991962	1.000000
4.606450	1.613255	0.076329	1.000000
0.645374	4.331257	4.973198	1.000000
2.139871	3.489268	0.517192	1.000000
3.384078	5.046366	0.808606	1.000000
4.834653	2.671715	2.277025	1.000000
4.954859	4.088779	0.580140	1.000000
3.009807	4.159860	0.491396	1.000000
0.394901	4.704312	2.170826	1.000000
2.383485	5.011992	1.261110	1.000000
0.304909	2.960441	0.197524	1.000000
5.267009	4.113010	3.542134	1.000000
3.660449	0.267532	3.842981	1.000000
3.421143	1.316321	1.787413	1.000000
1.382948	2.803312	1.944664	1.000000
5.419207	3.284052	2.945264	1.000000
0.400506	0.505571	1.952637	1.000000
3.200486	0.471015	2.407080	1.000000
0.304405	3.352328	5.066717	1.000000
3.085923	4.162132	3.257152	1.000000
5.180632	3.450085	5.609430	1.000000
1.237318	0.700968	2.599089	1.000000
3.510846	2.566723	1.513705	1.000000
1.464380	4.304514	3.450884	1.000000
3.318426	5.339109	2.910019	1.000000
2.381039	3.101777	4.823432	1.000000
4.366079	5.371373	0.966480	1.000000
1.910658	3.695691	1.786526	1.000000
3.359007	0.874378	4.717279	1.000000
5.300588	4.737257	1.501563	1.000000
4.424313	0.803137	5.070210	1.000000
1.520892	4.494047	1.300903	1.000000
3.738991	4.265535	1.413377	1.000000
3.795560	4.241556	2.474993	1.000000
2.544159	3.115356	3.005578	1.000000
4.822044	0.240112	4.232876	1.000000
4.089312	0.534823	2.908954	1.000000
2.058838	1.141796	0.997638	1.000000
1.430659	1.858847	1.415652	1.000000
2.053445	2.622892	1.022117	1.000000
4.595588	1.098681	1.138879	1.000000
3.349549	2.322381	5.419955	1.000000
0.661383	5.410149	5.133731	1.000000
2.368469	4.859108	3.514435	1.000000
2.771998	2.626098	3.963360	1.000000
1.394900	1.706033	3.523009	1.000000
3.101068	5.341958	1.880667	1.000000
0.733731	2.339870	2.671282	1.000000
5.498722	2.180493	2.988244	1.000000
4.347788	1.874701	1.785130	1.000000
0.355421	0.294586	3.410111	1.000000
0.882326	0.312763	4.272647	1.000000
2.914978	3.388087	1.546493	1.000000
4.951407	2.929695	4.779267	1.000000
5.518684	2.990808	1.038554	1.000000
4.441772	1.565896	3.037427	1.000000
4.209927	4.431078	3.426503	1.000000
5.764057	5.614644	4.437812	1.000000
3.964065	0.301735	1.582504	1.000000
0.386645	0.127862	0.140090	1.000000
3.789823	2.123483	0.569283	1.000000
2.928445	0.240013	0.896350	1.000000
0.529388	1.286943	3.042531	1.000000
1.675272	0.124045	5.056416	1.000000
3.796354	2.328893	2.512361	1.000000
1.954768	2.214474	2.847638	1.000000
5.439207	1.256328	2.498426	1.000000
4.719692	2.218935	3.781225	1.000000
5.595455	3.078125	3.919883	1.000000
3.675680	2.161626	3.496510	1.000000
2.777302	1.689752	4.708840	1.000000
1.522083	4.830622	5.217009	1.000000
3.450010	3.269001	2.405179	1.000000
0.841566	1.578083	0.379619	1.000000
0.992061	5.509032	2.412963	1.000000
2.500874	2.467913	1.999145	1.000000
2.708713	0.928805	5.658492	1.000000
0.036382	2.862016	2.057237	1.000000
3.156448	3.922176	4.526151	1.000000
5.731103	0.862693	4.360456	1.000000
3.789713	4.880406	5.708854	1.000000
5.019838	4.476016	2.453766	1.000000
1.368332	4.566292	2.382317	1.000000
2.255794	4.536244	4.464938	1.000000
4.341797	3.030439	0.917135	1.000000
5.603023	3.794437	1.777431	1.000000
4.398738	3.435844	2.840247	1.000000
3.802142	5.015119	4.515332	1.000000
2.444144	1.722206	3.622409	1.000000
2.518624	0.847211	4.138478	1.000000
1.633466	5.430540	4.085205	1.000000
5.493783	5.471901	2.238465	1.000000
0.811017	4.699760	0.212329	1.000000
5.191120	2.523872	0.191833	1.000000
1.772685	5.611368	3.074796	1.000000
0.326606	4.150345	3.004324	1.000000
4.503366	3.427636	3.973334	1.000000
1.370386	2.627512	4.832634	1.000000
1.761223	2.628407	3.795327	1.000000
5.464354	5.154790	3.353676	1.000000
0.615663	5.056199	3.721881	1.000000
0.663498	5.283259	1.205648	1.000000
5.451105	5.163552	5.279330	1.000000
3.167658	3.321352	5.434285	1.000000
5.075004	2.083126	1.100426	1.000000
0.903591	1.584216	4.397777	1.000000
2.091463	1.380959	2.013886	1.000000
5.243485	0.233655	1.233239	1.000000
5.371435	5.247903	0.535887	1.000000
1.069351	3.255228	3.067325	1.000000
4.446524	5.365613	3.005834	1.000000
1.761006	1.107891	4.747763	1.000000
5.562039	1.344862	5.349152	1.000000
1.412834	2.691148	0.214830	1.000000
5.736555	1.950588	4.104737	1.000000
1.491357	1.813346	5.449881	1.000000
1.869731	4.549365	0.338689	1.000000
4.317178	1.125235	4.022961	1.000000
0.620142	1.507944	2.046046	1.000000
2.165241	4.006358	2.712128	1.000000
4.785671	1.821311	4.805472	1.000000
3.514875	3.357040	3.730137	1.000000
5.387024	0.370766	5.183342	1.000000
1.623075	0.669182	3.674937	1.000000
0.673757	0.851778	5.123418	1.000000
3.956200	3.934397	0.214720	1.000000
0.831925	3.651450	1.900362	1.000000
0.251848	3.836771	0.834453	1.000000
4.418768	0.451723	0.365097	1.000000
1.440709	3.601599	4.614269	1.000000
2.304386	5.054606	2.427905	1.000000
4.425869	5.124104	1.961695	1.000000
