172
0.000000 5.734073
0.000000 5.734073
0.000000 5.734073
2.673794	3.544842	5.571549	1.000000
1.990740	2.222157	0.919123	1.000000
2.475970	5.051554	0.700925	1.000000
0.082237	3.414651	4.424939	1.000000
3.915219	4.081798	1.777724	1.000000
3.653978	5.335647	2.120173	1.000000
2.446694	2.498532	3.047163	1.000000
3.413915	2.173307	2.833791	1.000000
4.009220	2.446465	3.594915	1.000000
3.301701	1.025044	4.396600	1.000000
4.548198	2.119869	5.145584	1.000000
5.585346	5.588807	1.676896	1.000000
2.119802	1.061321	2.855828	1.000000
2.609753	4.843377	2.541758	1.000000
2.086052	3.248168	1.107873	1.000000
0.984875	4.042203	5.520739	1.000000
2.649329	5.585893	1.588881	1.000000
3.697515	1.959300	4.421559	1.000000
1.522692	0.294263	3.148283	1.000000
0.005267	2.586991	2.850307	1.000000
4.396667	4.947699	4.681777	1.000000
0.956736	4.188829	4.319698	1.000000
1.685272	1.511148	4.140704	1.000000
4.070795	1.140020	5.245923	1.000000
3.464987	2.359740	1.728426	1.000000
4.028265	0.045009	4.126880	1.000000
2.508031	0.869560	1.946403	1.000000
1.716804	4.868000	1.409068	1.000000
3.886966	4.778458	5.576268	1.000000
5.005756	4.012818	3.657221	1.000000
2.710482	5.618092	5.616421	1.000000
1.786526	0.105912	0.912356	1.000000
3.123425	0.449132	3.562746	1.000000
1.182271	4.757520	0.535411	1.000000
5.575960	2.755142	1.866983	1.000000
5.645814	2.164377	5.728807	1.000000
2.297725	3.689998	3.843470	1.000000
2.901027	0.560150	0.652740	1.000000
4.764905	0.672123	3.278084	1.000000
3.555049	0.396295	1.439976	1.000000
2.780745	4.546511	5.499595	1.000000
2.745324	0.121975	4.581381	1.000000
3.090597	0.864704	5.368868	1.000000
0.166178	0.776427	5.590133	1.000000
3.531776	5.456573	0.648226	1.000000
2.632002	1.813118	4.599959	1.000000
3.886086	4.326073	0.743969	1.000000
5.377476	5.314626	2.745766	1.000000
2.431555	0.113386	2.702853	1.000000
4.321684	2.944662	1.523598	1.000000
4.008842	1.080029	0.576278	1.000000
0.711251	5.253955	4.676534	1.000000
1.817996	2.850466	5.651030	1.000000
4.736252	1.873679	4.088482	1.000000
1.431993	2.261370	4.866229	1.000000
4.762217	3.976863	1.208571	1.000000
4.987578	1.759126	3.090051	1.000000
4.977206	0.825046	1.292419	1.000000
5.404543	4.487993	1.970039	1.000000
1.999791	0.981024	0.447586	1.000000
4.575188	3.234394	3.121041	1.000000
1.699905	5.710533	4.467776	1.000000
0.221218	2.864374	0.874509	1.000000
5.557053	1.869503	1.084474	1.000000
3.775648	1.411962	3.459988	1.000000
1.011977	0.700957	0.535749	1.000000
4.387615	1.205047	2.247481	1.000000
4.338395	3.963753	4.897543	1.000000
1.596041	5.130921	2.500727	1.000000
2.843040	2.764848	0.529244	1.000000
1.188258	1.606618	5.674070	1.000000
4.250619	4.219911	2.784535	1.000000
1.569212	2.030006	2.089889	1.000000
1.660619	0.036324	5.603866	1.000000
0.857079	1.425404	3.568550	1.000000
4.859502	3.539257	2.121579	1.000000
4.763876	2.144513	0.483167	1.000000
2.569045	2.856613	1.949818	1.000000
0.582393	5.150921	2.221744	1.000000
5.716535	2.390760	4.661857	1.000000
2.865765	4.473121	3.512767	1.000000
2.592308	1.866587	2.230567	1.000000
3.900383	0.172040	5.545034	1.000000
0.638792	5.619791	0.005898	1.000000
4.267381	5.121963	1.303759	1.000000
2.320480	1.979770	5.619702	1.000000
3.750296	3.122177	2.478289	1.000000
3.260324	4.768534	1.390321	1.000000
1.524882	3.128199	3.265903	1.000000
1.149715	2.880724	1.627972	1.000000
1.018943	0.523233	4.976687	1.000000
4.333207	1.745266	1.328032	1.000000
1.423814	0.254947	2.014504	1.000000
5.567785	1.255051	3.788757	1.000000
4.367341	2.303035	2.448602	1.000000
5.329839	2.736571	3.772616	1.000000
0.386947	0.795331	1.648053	1.000000
0.459002	4.594032	1.354372	1.000000
5.597215	0.116843	0.620684	1.000000
4.528456	0.118222	2.125936	1.000000
0.720810	2.878842	5.510512	1.000000
3.330651	1.376597	1.600989	1.000000
1.163988	5.131073	3.678682	1.000000
1.937847	4.109310	0.287712	1.000000
3.321179	2.143342	5.446327	1.000000
4.412132	5.490916	3.055076	1.000000
1.658079	1.897905	3.187566	1.000000
3.695032	2.946297	4.973441	1.000000
0.163378	4.579925	3.805011	1.000000
4.979171	1.146759	0.229133	1.000000
0.418002	3.288448	3.476643	1.000000
0.770940	5.709862	1.194296	1.000000
4.685948	4.205000	0.081808	1.000000
0.034215	0.459568	4.574603	1.000000
5.390584	5.284665	4.765586	1.000000
4.510177	3.009859	4.393625	1.000000
0.968167	2.171811	0.811243	1.000000
2.915220	4.002504	0.715190	1.000000
2.452857	4.131002	1.650961	1.000000
0.932637	0.426588	3.984201	1.000000
4.777349	0.692719	4.307995	1.000000
2.488152	2.845104	4.863314	1.000000
2.258814	4.554373	4.496560	1.000000
1.398854	3.959977	1.707660	1.000000
3.218998	4.956955	4.416163	1.000000
2.097908	0.923707	4.848826	1.000000
3.626782	2.136827	0.689685	1.000000
0.803229	3.204206	2.543627	1.000000
5.486018	4.889659	5.703095	1.000000
2.777547	1.614794	0.798222	1.000000
1.874152	3.785147	5.017075	1.000000
4.936516	5.109756	3.823234	1.000000
1.583592	4.834302	5.189864	1.000000
5.282819	4.240377	4.670567	1.000000
4.496782	0.186301	0.674710	1.000000
3.857253	4.467000	3.691268	1.000000
0.457666	1.519721	4.984302	1.000000
0.306568	3.643135	1.766055	1.000000
0.593417	2.012913	1.805128	1.000000
1.204136	1.138012	2.441405	1.000000
0.558597	0.387723	2.814429	1.000000
1.847412	4.379822	3.205272	1.000000
3.616988	3.485797	0.208526	1.000000
5.232646	4.947733	0.956061	1.000000
2.180353	0.614917	3.864340	1.000000
3.626400	0.560655	2.623629	1.000000
4.893536	0.346101	5.296535	1.000000
5.617040	3.928919	0.678723	1.000000
3.422751	5.300869	3.167262	1.000000
5.626079	0.119752	3.589144	1.000000
5.714267	3.945926	2.821707	1.000000
1.186521	3.139251	4.343951	1.000000
3.763529	3.455840	3.737290	1.000000
3.103460	3.908325	2.395301	1.000000
3.038589	3.617012	4.523580	1.000000
5.020713	3.118995	0.600444	1.000000
1.164170	3.577232	0.711777	1.000000
5.225083	1.762083	2.072953	1.000000
3.315413	3.291114	1.358864	1.000000
0.274884	1.548584	2.720273	1.000000
2.195993	5.238456	3.678000	1.000000
0.890989	4.486094	2.908603	1.000000
4.594549	3.097134	5.401435	1.000000
0.908982	2.440151	3.681036	1.000000
1.497307	1.072556	1.389947	1.000000
5.711371	3.583964	5.453296	1.000000
2.995937	2.466306	3.890007	1.000000
5.203798	1.372905	4.909479	1.000000
1.946958	2.503867	3.998964	1.000000
5.413264	0.627989	2.382308	1.000000
2.153418	3.598096	2.609914	1.000000
2.774236	1.548635	3.522301	1.000000
