172
0.000000 5.765500
0.000000 5.765500
0.000000 5.765500
2.622021	0.872515	3.858672	1.000000
3.741509	1.152295	5.609821	1.000000
2.491545	4.512942	5.430931	1.000000
2.014081	2.514483	1.529810	1.000000
5.536870	1.049073	0.506968	1.000000
3.471386	0.316295	3.021860	1.000000
4.096195	3.347133	4.262199	1.000000
0.747206	3.205131	0.586748	1.000000
5.349701	1.450436	3.376569	1.000000
4.038607	3.294256	5.278339	1.000000
1.885942	2.850207	2.914727	1.000000
0.800479	1.862040	1.783524	1.000000
0.586772	1.166123	5.567277	1.000000
5.313359	3.631939	1.817522	1.000000
3.857570	3.241428	1.828381	1.000000
0.980768	5.089596	5.328900	1.000000
3.019855	4.310591	0.749831	1.000000
5.439991	1.775740	4.344368	1.000000
0.658853	5.724871	2.657607	1.000000
2.182449	1.254034	5.116636	1.000000
3.547605	2.294207	2.879263	1.000000
0.573069	3.650926	2.109267	1.000000
2.794352	1.456215	0.115925	1.000000
5.690812	3.015818	5.563555	1.000000
2.694934	1.751477	3.146138	1.000000
2.936380	0.465348	5.166878	1.000000
4.698388	4.064071	5.050860	1.000000
4.935712	4.461634	1.366052	1.000000
5.020189	5.019062	0.222091	1.000000
4.426529	5.686404	2.866899	1.000000
1.363601	5.171258	0.488369	1.000000
1.003028	4.157821	1.149717	1.000000
3.604348	1.312248	3.213082	1.000000
4.490332	4.466496	4.134314	1.000000
5.640993	2.396723	3.523160	1.000000
1.639740	2.138881	4.806770	1.000000
4.726604	5.127884	5.028681	1.000000
4.570247	0.550517	0.152003	1.000000
5.011349	0.788222	2.050787	1.000000
1.509789	1.574391	0.049223	1.000000
1.998780	0.175542	4.434747	1.000000
3.542534	2.427150	3.949552	1.000000
4.783115	2.592209	5.518801	1.000000
1.192288	2.269948	0.955277	1.000000
5.727360	5.439200	5.235974	1.000000
4.732477	1.605748	5.712081	1.000000
3.400207	3.472168	0.280715	1.000000
5.631187	0.061844	0.857046	1.000000
1.812322	4.988273	4.136370	1.000000
5.449898	3.931392	0.143423	1.000000
4.524069	0.946854	3.028122	1.000000
0.825136	5.635347	4.474635	1.000000
3.318926	0.458310	0.490665	1.000000
3.494562	4.212683	3.881717	1.000000
1.409297	0.833950	2.398929	1.000000
0.229551	2.894405	4.406602	1.000000
0.311823	0.970728	2.755685	1.000000
0.393479	2.781279	1.475733	1.000000
4.309682	5.471369	1.599122	1.000000
2.195610	5.338547	1.092003	1.000000
5.374843	2.126798	0.531137	1.000000
4.549219	3.883576	3.322203	1.000000
5.614514	2.835900	2.412780	1.000000
1.731552	3.329089	0.908719	1.000000
2.805509	1.256879	2.257210	1.000000
2.784997	2.361442	2.176151	1.000000
5.553645	1.641355	2.205158	1.000000
4.951182	2.643460	4.512618	1.000000
2.804722	5.137133	4.715005	1.000000
3.444083	1.469617	4.497380	1.000000
3.914591	0.653866	4.019591	1.000000
3.511601	5.239999	4.006005	1.000000
1.607244	3.721316	2.428098	1.000000
1.926771	5.455580	5.361702	1.000000
0.665869	1.722943	4.717378	1.000000
1.898729	4.259776	0.486497	1.000000
4.334812	0.293648	4.864506	1.000000
3.453682	2.673833	0.999066	1.000000
2.613556	0.653024	1.373914	1.000000
2.434136	3.380391	5.446440	1.000000
0.598240	3.069814	3.135663	1.000000
4.537074	1.502985	4.681715	1.000000
4.971195	0.719341	4.173928	1.000000
1.400786	0.576594	5.193721	1.000000
5.172060	3.625029	4.275864	1.000000
3.407654	5.263600	1.209955	1.000000
4.123578	5.481667	0.518542	1.000000
4.554765	3.564219	0.398894	1.000000
2.878250	5.248964	0.275758	1.000000
0.186350	4.671407	1.571296	1.000000
5.639674	0.236080	3.274373	1.000000
0.550275	1.416093	3.664282	1.000000
2.839314	4.702188	3.181103	1.000000
1.324031	3.425515	3.795634	1.000000
5.369013	3.210871	0.868304	1.000000
2.454950	4.195512	4.208498	1.000000
1.894079	1.955209	2.451471	1.000000
0.322203	4.862403	0.546029	1.000000
4.769765	2.127745	2.636649	1.000000
3.520466	5.052330	2.362345	1.000000
2.003672	4.295867	1.500721	1.000000
4.652292	4.693716	2.389175	1.000000
5.432265	4.478423	3.695948	1.000000
2.512777	2.693512	0.448982	1.000000
4.407467	2.334867	0.697754	1.000000
4.956140	1.633738	1.368493	1.000000
1.996046	4.178342	3.307742	1.000000
5.687213	3.826736	2.892612	1.000000
1.526349	5.146831	3.184171	1.000000
3.925275	1.327058	2.247253	1.000000
1.665648	1.388311	3.259425	1.000000
1.631630	1.320749	1.542764	1.000000
0.361021	3.758571	3.888294	1.000000
5.603333	2.018748	5.312541	1.000000
0.690346	2.286696	0.022857	1.000000
3.828466	4.157859	1.321618	1.000000
1.605279	2.777374	5.737159	1.000000
5.029320	2.603408	1.629733	1.000000
5.595073	4.513577	4.816694	1.000000
0.980184	0.456501	3.519402	1.000000
4.484474	5.586445	3.900776	1.000000
4.579450	3.150198	2.553530	1.000000
2.679844	3.357281	1.278834	1.000000
1.584552	4.171781	5.147969	1.000000
2.710102	2.993974	3.532027	1.000000
3.111751	3.362743	4.673409	1.000000
3.468717	1.469029	1.069867	1.000000
1.318637	2.249350	3.761632	1.000000
0.691485	0.169381	0.200562	1.000000
3.738147	5.409283	5.344809	1.000000
0.923531	1.261784	0.837778	1.000000
5.438842	0.633771	5.311757	1.000000
0.733639	5.525466	1.465315	1.000000
5.479128	5.626508	4.263375	1.000000
2.679212	5.514768	2.017457	1.000000
4.449531	1.816729	3.705947	1.000000
2.721602	2.215136	4.999120	1.000000
0.450016	0.717504	1.668753	1.000000
2.434437	1.712253	1.085390	1.000000
4.506301	0.757486	1.133345	1.000000
1.707520	5.736565	1.872086	1.000000
2.621238	5.602585	3.614142	1.000000
3.534499	4.408908	5.190423	1.000000
4.042527	4.475853	0.290515	1.000000
1.525031	0.309698	0.915879	1.000000
2.449208	0.389323	2.785000	1.000000
0.927474	4.525394	4.368682	1.000000
0.830863	4.305235	3.151846	1.000000
2.098825	4.654770	2.431587	1.000000
0.578206	5.198641	3.590825	1.000000
1.119599	4.637689	2.137592	1.000000
1.180675	2.723430	2.203383	1.000000
2.969253	4.307602	1.950460	1.000000
3.741305	3.210374	3.254081	1.000000
3.957540	2.370086	4.862960	1.000000
0.344171	0.757900	4.572267	1.000000
2.313314	0.542380	0.206585	1.000000
4.698922	2.864769	3.519627	1.000000
3.604301	0.505931	1.597665	1.000000
5.319511	5.471419	1.838041	1.000000
1.434168	0.998080	4.282624	1.000000
2.335834	1.956631	4.106700	1.000000
3.815714	3.989749	2.561888	1.000000
0.851616	1.989506	2.811374	1.000000
4.041511	2.148846	1.669390	1.000000
5.629842	4.839886	2.680841	1.000000
4.028042	4.822866	3.227560	1.000000
0.629988	3.783025	5.400701	1.000000
3.432111	2.363978	0.033069	1.000000
1.211101	3.091911	4.849715	1.000000
2.625069	3.332450	2.434047	1.000000
2.166967	3.043967	4.540185	1.000000
