172
0.000000 5.829842
0.000000 5.829842
0.000000 5.829842
3.116507	3.783946	0.045163	1.000000
1.615605	1.411668	0.422011	1.000000
2.696268	4.451127	0.684018	1.000000
3.864739	4.386958	5.173234	1.000000
1.014643	5.489642	0.680397	1.000000
4.106417	1.367816	4.340974	1.000000
5.239749	5.258071	1.861564	1.000000
0.467551	2.765375	3.146431	1.000000
3.370219	0.343592	1.450653	1.000000
3.245026	1.851703	5.484876	1.000000
3.098567	2.733648	0.244587	1.000000
5.094172	3.204791	4.251167	1.000000
2.124675	2.304533	1.674764	1.000000
3.811352	0.900809	0.474709	1.000000
3.864515	0.034528	5.168752	1.000000
0.728717	5.459543	1.806241	1.000000
3.562881	3.985321	0.973428	1.000000
5.263348	1.540584	1.383195	1.000000
2.840517	4.526697	5.242292	1.000000
3.032346	3.549728	4.658864	1.000000
4.186537	1.153592	5.370340	1.000000
4.996270	0.157766	5.138210	1.000000
0.083227	3.493258	3.720888	1.000000
5.083150	4.500127	5.652835	1.000000
2.964800	4.848808	2.888594	1.000000
5.472727	0.552255	2.922286	1.000000
1.776194	0.754634	2.664360	1.000000
5.719913	3.244738	1.524160	1.000000
0.120330	0.153098	1.133714	1.000000
2.494230	0.545284	0.749386	1.000000
3.468014	5.521637	0.333908	1.000000
1.523885	2.591338	5.156157	1.000000
2.074258	1.621736	5.254899	1.000000
3.404862	1.220902	3.635961	1.000000
5.537829	2.271136	5.465662	1.000000
2.984667	2.024584	2.223047	1.000000
0.511079	4.586301	0.447824	1.000000
1.356233	1.253466	4.599853	1.000000
0.083439	2.252371	1.066606	1.000000
3.931558	4.855937	1.403331	1.000000
0.862067	3.774751	1.480705	1.000000
4.633455	2.403464	1.492723	1.000000
5.810140	4.243572	2.945923	1.000000
2.739833	3.399450	1.262728	1.000000
3.795318	5.013653	4.369772	1.000000
5.558310	3.288701	2.691412	1.000000
0.119292	2.963448	4.725405	1.000000
2.269980	5.469544	0.256831	1.000000
4.303115	5.537860	2.307201	1.000000
1.963503	0.258983	1.758064	1.000000
1.216799	4.175400	5.649619	1.000000
0.258611	4.539280	3.985653	1.000000
4.090530	1.055424	1.732507	1.000000
2.795851	5.650036	2.285916	1.000000
1.168215	3.646343	2.776393	1.000000
4.713772	3.917907	1.308835	1.000000
0.905323	1.795691	1.410289	1.000000
2.735231	0.882192	2.172054	1.000000
0.713981	2.130083	4.786630	1.000000
4.257462	3.787782	4.450049	1.000000
4.345340	3.831397	0.139408	1.000000
1.550901	2.624410	3.056537	1.000000
3.948501	3.444864	1.875664	1.000000
0.259820	3.740611	5.513187	1.000000
3.169573	3.121736	2.482887	1.000000
3.412911	2.654198	1.219040	1.000000
4.202589	4.836269	0.195236	1.000000
1.826390	4.018691	1.351643	1.000000
2.741819	5.395735	1.179637	1.000000
1.057134	4.552051	2.142412	1.000000
4.636523	5.775290	0.264446	1.000000
1.656483	5.125364	1.378527	1.000000
2.112737	3.159500	2.348916	1.000000
4.659856	5.158888	3.796177	1.000000
2.460156	1.493813	3.055660	1.000000
3.739341	5.538550	3.187836	1.000000
5.215590	0.250151	3.923912	1.000000
2.584151	1.839400	0.540567	1.000000
1.849116	1.248658	1.421564	1.000000
3.061742	1.419146	1.362183	1.000000
5.011732	0.400208	2.016709	1.000000
4.463573	3.816562	2.703658	1.000000
1.180371	5.807032	4.583025	1.000000
2.122524	0.952143	3.833001	1.000000
2.139604	4.325173	4.403552	1.000000
1.587550	1.702059	2.388324	1.000000
3.632455	0.525953	2.587355	1.000000
0.852090	2.441852	2.261650	1.000000
5.698170	2.358702	2.088516	1.000000
4.382999	0.025911	1.267037	1.000000
1.457784	3.716198	3.735197	1.000000
0.561948	0.197565	2.659542	1.000000
2.965787	4.089773	2.102990	1.000000
3.821219	3.104993	5.437031	1.000000
4.766221	2.679392	2.481876	1.000000
3.826028	4.554675	2.375757	1.000000
4.733846	4.948127	4.805031	1.000000
0.540447	5.752229	3.779437	1.000000
5.044147	4.824438	0.826271	1.000000
0.176266	0.482268	4.774936	1.000000
3.951214	1.747919	1.010275	1.000000
5.246938	1.100336	5.498125	1.000000
5.149811	1.447062	3.470586	1.000000
3.122601	5.806132	4.271516	1.000000
3.981976	1.978612	2.153478	1.000000
1.913504	2.009654	3.969529	1.000000
0.276669	1.743575	2.852627	1.000000
3.208499	2.228143	4.280444	1.000000
5.290323	2.561516	3.498573	1.000000
4.361150	2.958169	3.372167	1.000000
2.618471	2.566336	5.058220	1.000000
1.976985	3.550075	5.199100	1.000000
3.561424	2.397657	3.091389	1.000000
1.249302	1.380756	3.313355	1.000000
0.253546	4.594301	1.492308	1.000000
4.475203	0.654444	3.287630	1.000000
2.097810	5.493834	4.252505	1.000000
5.061472	4.108728	3.706679	1.000000
4.049080	4.293150	3.509409	1.000000
0.005777	0.967860	1.977204	1.000000
4.934418	4.699160	2.690778	1.000000
5.372720	4.124787	4.745690	1.000000
5.399667	4.058357	2.036669	1.000000
2.057027	4.744490	3.313988	1.000000
4.791943	1.860268	0.427931	1.000000
5.240562	2.839832	0.576630	1.000000
4.695164	1.320405	2.548983	1.000000
2.844336	1.215373	4.524467	1.000000
2.557060	0.033061	3.359071	1.000000
1.526584	0.182043	3.512801	1.000000
0.373989	1.000502	3.630198	1.000000
1.031445	0.746459	1.912013	1.000000
2.033293	3.704419	0.380043	1.000000
4.965754	0.857455	0.617760	1.000000
1.646583	5.505600	2.618437	1.000000
2.393128	3.600493	3.334298	1.000000
4.128288	2.785328	4.503260	1.000000
1.053505	2.837260	4.006013	1.000000
2.517452	2.560426	3.374625	1.000000
1.035811	4.883845	3.417448	1.000000
1.021626	3.415134	4.880098	1.000000
0.877951	0.804913	0.893949	1.000000
5.144311	3.272798	5.360051	1.000000
4.136747	2.900564	0.560664	1.000000
4.954111	2.153993	4.430240	1.000000
1.897032	4.888980	5.348302	1.000000
2.996238	0.747746	5.729720	1.000000
0.128855	0.463417	0.044809	1.000000
0.811730	5.517372	5.499315	1.000000
1.134466	4.681706	4.585894	1.000000
4.100052	0.189090	4.146886	1.000000
2.016931	0.436324	4.944092	1.000000
0.185624	1.951602	3.880767	1.000000
5.808005	1.514405	0.397294	1.000000
5.349221	1.212856	4.470486	1.000000
0.864097	1.340408	5.552496	1.000000
2.872095	5.598137	5.277735	1.000000
5.646266	5.242559	3.224094	1.000000
0.667854	2.386888	0.013619	1.000000
2.037997	3.069261	4.275130	1.000000
4.282444	2.175927	5.359523	1.000000
3.355534	3.262900	3.683902	1.000000
0.307995	4.704493	5.157643	1.000000
2.095243	4.679674	2.166667	1.000000
1.601480	0.412445	0.078248	1.000000
5.699690	5.304631	0.157880	1.000000
1.288512	2.848937	1.336441	1.000000
0.691425	3.399173	0.550724	1.000000
5.648725	5.321992	4.526497	1.000000
1.558794	2.695168	0.381227	1.000000
3.101076	4.362156	4.036052	1.000000
5.545122	3.941032	0.518189	1.000000
