172
0.000000 5.766706
0.000000 5.766706
0.000000 5.766706
1.810841	2.203348	4.484612	1.000000
3.258097	1.068517	3.470562	1.000000
3.116208	4.950100	0.018320	1.000000
1.536155	3.121520	4.987524	1.000000
4.933266	4.321579	1.428401	1.000000
3.038293	5.045324	2.747768	1.000000
4.538348	1.877886	3.388148	1.000000
5.565882	2.646928	0.309924	1.000000
5.402441	2.086256	2.523498	1.000000
3.802814	0.064987	3.550507	1.000000
0.460141	2.628525	1.067044	1.000000
5.477508	5.364566	5.407566	1.000000
1.055963	0.564483	3.475365	1.000000
2.530995	3.998075	3.175651	1.000000
3.804683	3.272230	0.689184	1.000000
1.378242	4.939939	4.653453	1.000000
1.647621	3.756082	0.639030	1.000000
3.564796	2.273326	4.661972	1.000000
0.511609	5.403022	1.642807	1.000000
1.056842	1.181933	5.245047	1.000000
3.864818	4.193851	4.037790	1.000000
0.920028	3.588358	2.325646	1.000000
2.476395	5.729393	5.570263	1.000000
3.941223	3.421591	4.730786	1.000000
2.327297	0.896746	2.376289	1.000000
2.772657	0.069815	3.311716	1.000000
1.234619	4.698874	1.861249	1.000000
0.232286	4.436157	1.824197	1.000000
3.355522	5.381745	4.724295	1.000000
4.110222	4.620548	3.155424	1.000000
2.075998	4.792901	0.073335	1.000000
2.112270	0.320647	1.149068	1.000000
2.226948	0.909017	3.682238	1.000000
2.318596	3.806831	5.621809	1.000000
0.412307	1.413550	3.234061	1.000000
5.602811	3.030738	5.058491	1.000000
4.898842	1.692610	4.802747	1.000000
4.135479	0.444720	4.618843	1.000000
3.429171	1.451085	2.488009	1.000000
2.115116	4.833968	1.107796	1.000000
2.626700	0.222354	4.320561	1.000000
3.271070	0.947637	4.749718	1.000000
4.906274	1.532509	0.501502	1.000000
0.591898	0.805779	0.353885	1.000000
4.173459	5.115121	0.044564	1.000000
3.661617	1.643131	5.449468	1.000000
3.720757	4.151991	0.204361	1.000000
0.499245	0.660933	1.432466	1.000000
1.781306	5.644821	3.852465	1.000000
0.471117	3.442707	0.405629	1.000000
4.172531	1.163208	1.112374	1.000000
5.637758	5.704004	2.740077	1.000000
3.368857	0.941863	0.538795	1.000000
3.526194	3.795737	2.870164	1.000000
0.990444	1.618711	4.037451	1.000000
3.187018	4.340297	4.955535	1.000000
0.595746	1.753747	1.973139	1.000000
5.285494	2.360679	1.520392	1.000000
5.411624	0.161216	1.609006	1.000000
2.955455	5.423455	0.978830	1.000000
4.786471	3.419735	5.504629	1.000000
2.892774	4.965280	3.913455	1.000000
0.237022	2.907673	2.013907	1.000000
1.287497	2.755935	0.496926	1.000000
5.185025	1.002375	2.958471	1.000000
0.836493	1.810871	0.317842	1.000000
0.068272	1.471429	0.895801	1.000000
4.309067	2.441311	5.400837	1.000000
1.955104	4.504325	3.825147	1.000000
1.890312	3.233211	3.905742	1.000000
2.221925	1.132181	4.825001	1.000000
4.378567	0.714727	2.059761	1.000000
1.963143	3.764939	1.966649	1.000000
2.468261	1.004463	0.049770	1.000000
0.348179	0.760873	2.424356	1.000000
0.019554	4.418092	0.682161	1.000000
2.947709	1.901604	0.574392	1.000000
2.787993	2.760265	1.112209	1.000000
1.068884	4.744473	0.848440	1.000000
5.706677	1.660495	5.613089	1.000000
3.387917	3.363565	1.698402	1.000000
2.315527	1.867791	3.027915	1.000000
4.055853	1.448654	4.313528	1.000000
1.365134	0.555488	4.514471	1.000000
4.817070	4.243737	0.418526	1.000000
3.480665	0.140068	5.596503	1.000000
4.900784	5.263644	0.742415	1.000000
3.840854	4.375433	2.102673	1.000000
2.824330	4.069066	0.848327	1.000000
0.933202	3.864592	1.360662	1.000000
1.415001	1.372125	2.999658	1.000000
5.287890	1.207526	1.976203	1.000000
2.107401	3.942220	4.639418	1.000000
0.541333	2.468280	3.091008	1.000000
3.820038	3.094555	3.663810	1.000000
1.300480	4.171913	5.403762	1.000000
2.067441	2.040004	1.029582	1.000000
0.171103	5.637018	0.695954	1.000000
5.054778	0.487873	0.583372	1.000000
3.380990	0.679800	1.591630	1.000000
2.281799	2.785379	0.183823	1.000000
4.244315	2.465513	1.748105	1.000000
5.696295	4.207583	3.953826	1.000000
3.922472	4.878263	1.108044	1.000000
4.281180	0.870566	5.711963	1.000000
4.446744	1.677845	2.393426	1.000000
1.745563	3.170306	2.918196	1.000000
4.832628	3.936279	3.365894	1.000000
0.916726	4.426938	3.883401	1.000000
4.121177	0.128935	0.988741	1.000000
2.551127	2.986434	2.261127	1.000000
1.587843	1.125221	0.817330	1.000000
5.069715	4.803793	4.667900	1.000000
0.127529	1.723564	4.593552	1.000000
5.141953	0.056498	4.442310	1.000000
5.166702	4.357790	2.499001	1.000000
1.773763	1.847052	5.623001	1.000000
3.362686	1.820760	1.546113	1.000000
5.640893	3.532025	1.312523	1.000000
0.997024	5.281750	3.049959	1.000000
4.258903	5.217147	4.231739	1.000000
3.463484	2.119831	3.597167	1.000000
1.522031	2.344910	3.465473	1.000000
1.005975	5.094232	5.674904	1.000000
2.645119	2.863886	3.275851	1.000000
2.656064	2.763900	4.471079	1.000000
4.070064	2.259451	0.593571	1.000000
0.375130	0.842875	4.182510	1.000000
0.555529	0.174754	5.278362	1.000000
2.573993	1.231517	1.339165	1.000000
1.197267	2.533622	2.325488	1.000000
4.865048	0.138301	3.403978	1.000000
1.514541	0.449567	0.014358	1.000000
5.316287	4.944091	3.346859	1.000000
3.565349	0.270802	2.493922	1.000000
4.167584	0.881171	3.098215	1.000000
0.831119	2.492100	5.345309	1.000000
1.187298	0.012231	0.885185	1.000000
1.688487	2.941528	1.446832	1.000000
1.577952	1.493633	1.862175	1.000000
1.868156	0.049187	2.837896	1.000000
2.395664	4.936463	4.804745	1.000000
3.257436	3.066771	5.485328	1.000000
4.294436	4.291634	5.110589	1.000000
5.301273	0.603715	5.292928	1.000000
2.698779	5.707384	1.978954	1.000000
4.914238	0.968584	4.022159	1.000000
0.284506	4.298811	5.473656	1.000000
2.092615	4.851158	2.390233	1.000000
0.301945	5.506039	3.757714	1.000000
0.019131	3.522374	2.783263	1.000000
0.896604	3.343266	3.447266	1.000000
2.929310	3.639189	4.062161	1.000000
3.930873	2.504350	2.734085	1.000000
4.977482	3.710634	4.463624	1.000000
4.495199	3.531757	2.002523	1.000000
2.716601	2.013884	5.274502	1.000000
4.857921	2.850718	3.191305	1.000000
2.850004	4.189187	2.164923	1.000000
1.372659	0.394301	1.880778	1.000000
0.393244	4.494189	2.906807	1.000000
0.483516	3.736846	4.659698	1.000000
4.817941	3.154428	0.844254	1.000000
0.853673	2.802852	4.313343	1.000000
2.450464	2.013274	2.027179	1.000000
0.311830	4.868074	4.606947	1.000000
4.535943	5.479709	2.299045	1.000000
4.591187	2.503615	4.215067	1.000000
2.631051	1.758141	4.118471	1.000000
5.700160	3.129020	3.997802	1.000000
1.474659	4.194353	2.896677	1.000000
5.511246	2.092163	3.618609	1.000000
