172
0.000000 5.791963
0.000000 5.791963
0.000000 5.791963
4.143481	3.109048	5.491912	1.000000
0.761910	2.741501	1.348024	1.000000
2.351175	3.521516	4.279302	1.000000
3.070002	4.263966	5.271276	1.000000
1.255218	3.582221	5.737005	1.000000
3.542694	1.653684	4.567118	1.000000
5.282207	0.512339	3.449005	1.000000
0.791698	2.576865	3.838424	1.000000
2.693828	5.684623	3.387133	1.000000
3.131955	1.784636	1.448839	1.000000
3.441378	1.071856	5.599065	1.000000
0.520956	2.097381	5.491524	1.000000
3.234618	3.065847	0.298646	1.000000
2.456901	5.225986	5.707068	1.000000
4.675798	4.818684	5.678386	1.000000
1.638911	5.369367	0.539382	1.000000
4.127515	3.830626	4.706342	1.000000
5.440821	1.512526	1.373982	1.000000
2.885616	5.457917	4.622459	1.000000
4.060382	2.792874	4.438385	1.000000
3.226067	0.924601	0.882419	1.000000
0.339059	0.708280	1.029989	1.000000
5.292054	3.955357	4.893940	1.000000
4.917485	4.778916	4.249484	1.000000
3.409066	1.300978	3.552997	1.000000
3.146237	1.729618	2.584019	1.000000
2.241111	0.863961	3.010343	1.000000
0.550726	3.823608	3.864267	1.000000
4.907486	0.699341	2.186188	1.000000
2.074086	0.311506	2.189484	1.000000
2.072025	3.933826	5.207542	1.000000
2.636249	1.917959	0.072243	1.000000
5.252783	0.980997	0.483709	1.000000
3.217129	0.161045	0.185544	1.000000
4.185354	0.021586	5.076862	1.000000
4.365413	3.623066	1.652462	1.000000
0.053863	4.192266	0.004744	1.000000
1.138627	0.962252	0.474423	1.000000
1.499074	0.611809	1.409834	1.000000
2.675989	4.312290	1.889495	1.000000
1.441452	3.438362	1.097929	1.000000
4.393321	1.390608	0.120064	1.000000
0.691120	4.165921	4.901459	1.000000
2.201988	3.392698	0.395372	1.000000
3.209684	5.270218	0.933836	1.000000
4.817842	2.650049	2.000203	1.000000
4.921690	4.092998	0.696388	1.000000
3.014057	4.057828	0.501523	1.000000
0.542721	4.814969	2.088791	1.000000
2.294875	5.169542	1.458010	1.000000
0.292055	2.977893	0.254010	1.000000
5.347975	4.058952	3.661707	1.000000
3.665592	5.680567	3.670234	1.000000
3.619719	1.023999	1.978110	1.000000
1.299088	2.639237	2.231664	1.000000
5.689290	3.308180	2.987325	1.000000
0.163258	0.659957	2.035965	1.000000
3.228526	0.496659	2.792345	1.000000
0.371243	3.084117	5.033358	1.000000
2.946224	4.141705	2.892166	1.000000
5.164155	3.332752	5.748010	1.000000
1.356123	1.206333	2.630081	1.000000
3.785963	2.689720	1.399499	1.000000
1.517148	4.140306	3.659512	1.000000
3.339563	5.066908	2.823881	1.000000
2.455200	2.839218	5.380126	1.000000
4.650143	5.048649	0.969703	1.000000
2.000406	3.408834	1.942360	1.000000
3.536831	0.641425	4.539843	1.000000
5.623327	4.888205	1.272922	1.000000
4.669208	0.973425	4.884385	1.000000
1.210717	4.385941	1.477811	1.000000
3.742678	4.430969	1.424784	1.000000
3.872299	4.194496	2.412762	1.000000
2.868075	2.828009	2.917880	1.000000
4.549372	0.071553	4.119152	1.000000
4.251592	0.609942	3.159321	1.000000
2.175816	1.360428	0.901399	1.000000
1.571940	1.897098	1.526587	1.000000
2.194155	2.425485	0.913968	1.000000
4.520904	0.992762	1.286625	1.000000
3.405980	2.373667	5.383641	1.000000
0.809143	5.339500	4.956764	1.000000
2.484510	4.675079	3.639172	1.000000
2.940156	2.615770	4.214184	1.000000
1.461542	1.637112	3.539771	1.000000
3.202880	5.586394	1.945214	1.000000
0.566753	1.977108	2.801721	1.000000
5.462498	2.338740	3.211245	1.000000
4.567558	1.663350	2.135212	1.000000
0.389132	0.051538	3.371535	1.000000
0.800805	0.644472	4.510449	1.000000
2.773290	3.196522	1.218389	1.000000
4.989651	2.894166	4.815366	1.000000
5.469711	3.003566	1.216277	1.000000
4.270385	1.716131	3.094628	1.000000
4.359140	4.356947	3.421213	1.000000
5.482434	5.634521	4.426802	1.000000
3.962438	0.121019	1.288935	1.000000
0.581103	0.064269	0.203389	1.000000
3.720398	2.090965	0.539300	1.000000
2.477852	0.180955	0.884156	1.000000
0.264225	1.314065	3.571574	1.000000
1.630564	0.084693	5.365893	1.000000
3.867607	2.518032	2.439983	1.000000
2.004267	2.249232	2.951839	1.000000
5.418814	1.457519	2.617988	1.000000
4.654629	2.212951	3.873865	1.000000
5.625925	3.004206	4.034905	1.000000
3.684360	2.499964	3.455230	1.000000
2.519587	1.899941	4.778052	1.000000
1.487709	4.725861	5.401269	1.000000
3.376421	3.364898	2.040123	1.000000
0.318361	1.642171	0.633727	1.000000
1.052435	5.779447	2.230782	1.000000
2.358447	2.448699	2.012581	1.000000
2.385437	0.812345	5.617393	1.000000
0.037411	2.701617	2.147075	1.000000
3.266077	4.241110	4.163867	1.000000
5.640658	0.941149	4.401389	1.000000
3.606154	5.033160	5.692838	1.000000
5.152106	4.562600	2.547160	1.000000
1.336493	4.331439	2.519409	1.000000
2.143070	4.745589	4.577554	1.000000
4.506180	3.065399	0.682475	1.000000
5.377011	3.858686	1.737269	1.000000
4.757885	3.504685	2.642959	1.000000
3.951261	5.004420	4.519781	1.000000
2.424776	1.542808	3.828201	1.000000
2.382413	0.570113	4.076404	1.000000
1.569185	5.521398	4.246859	1.000000
5.546652	5.713603	2.593081	1.000000
0.794708	4.717445	0.495462	1.000000
5.184520	2.334007	0.364372	1.000000
1.343264	5.104539	3.277282	1.000000
0.378156	4.311405	2.998913	1.000000
4.660969	3.245465	3.695187	1.000000
1.490068	2.510700	5.042904	1.000000
1.802978	2.577766	3.976368	1.000000
5.396240	5.106360	3.426935	1.000000
0.628551	4.843579	4.072737	1.000000
0.885566	5.583778	1.204710	1.000000
5.628570	5.048427	5.279365	1.000000
3.287486	3.308929	5.009240	1.000000
4.551953	2.041003	1.160148	1.000000
0.696658	1.707475	4.426184	1.000000
2.222644	1.464751	2.156987	1.000000
5.351576	0.178781	1.390305	1.000000
5.416406	5.595025	0.463760	1.000000
1.112119	3.347828	3.143580	1.000000
4.504877	5.271602	2.900304	1.000000
1.759981	0.932128	4.777022	1.000000
5.370305	1.610514	5.320775	1.000000
1.261246	2.682225	0.446612	1.000000
5.553719	2.072417	4.397806	1.000000
1.534522	1.587777	5.520410	1.000000
1.948541	4.383691	0.676391	1.000000
4.309954	1.277521	3.993850	1.000000
0.527958	1.772252	1.775319	1.000000
2.046756	3.702789	2.920761	1.000000
4.514416	1.964540	4.928371	1.000000
3.753811	3.439505	3.110730	1.000000
5.336738	0.301480	5.334582	1.000000
1.406576	0.315102	3.171690	1.000000
0.450294	0.877859	5.423967	1.000000
4.014132	3.996787	0.248035	1.000000
0.749498	3.596280	2.064466	1.000000
0.319701	3.839336	1.039377	1.000000
4.374709	5.756083	0.287371	1.000000
1.382767	3.459890	4.604940	1.000000
2.168469	4.995069	2.603831	1.000000
4.241032	5.184250	1.931573	1.000000
