172
0.000000 5.769205
0.000000 5.769205
0.000000 5.769205
4.066334	2.660438	5.614269	1.000000
1.785206	3.205561	2.462876	1.000000
2.153591	5.209196	5.394953	1.000000
3.614746	4.901625	1.892078	1.000000
1.360077	4.463356	1.339937	1.000000
3.755316	0.275609	1.966396	1.000000
5.370711	0.769146	3.063898	1.000000
5.386403	3.183321	5.764399	1.000000
4.289398	4.384179	3.026949	1.000000
3.034543	3.332351	0.586974	1.000000
2.054634	5.276077	4.314206	1.000000
5.446029	0.915981	5.189398	1.000000
2.072568	2.494185	0.328608	1.000000
0.703708	5.359065	1.327282	1.000000
3.563015	0.884902	4.447209	1.000000
2.871600	0.001778	1.222221	1.000000
5.145923	4.542360	4.834124	1.000000
1.031460	2.131712	5.451610	1.000000
3.927078	0.389570	5.760063	1.000000
3.479359	3.911588	3.628572	1.000000
2.995003	2.313159	5.746428	1.000000
0.675994	1.010139	5.711475	1.000000
0.905998	3.031666	2.912073	1.000000
4.988695	5.370759	3.013513	1.000000
5.021375	1.808248	3.208384	1.000000
1.923215	1.448467	3.376743	1.000000
3.792993	3.933636	1.104342	1.000000
2.519148	4.025151	3.314923	1.000000
3.946285	2.073417	1.675213	1.000000
2.745704	1.207266	2.641540	1.000000
0.192374	2.523364	4.982848	1.000000
3.253061	1.241548	5.507734	1.000000
1.353955	2.232709	2.336767	1.000000
4.196580	5.453421	4.853413	1.000000
0.295648	5.339488	4.576664	1.000000
4.397798	2.501720	2.574001	1.000000
4.996272	4.125892	0.122407	1.000000
1.967662	1.853721	1.602704	1.000000
1.410979	0.197557	0.157326	1.000000
2.470353	2.796387	4.843107	1.000000
0.644925	3.481556	5.441236	1.000000
4.467445	1.166458	0.369828	1.000000
5.577167	4.882971	3.819473	1.000000
1.616363	3.302096	5.698824	1.000000
4.302883	5.025194	0.030366	1.000000
5.148276	3.630536	2.777019	1.000000
0.335054	0.065860	5.564314	1.000000
4.026697	3.689824	0.153216	1.000000
4.468248	0.531532	2.652853	1.000000
1.522291	5.151049	2.086769	1.000000
0.535827	3.018012	3.881770	1.000000
4.824513	2.631045	1.651932	1.000000
3.310447	4.360806	5.340861	1.000000
3.216129	5.251356	0.097865	1.000000
0.605559	2.132937	1.397208	1.000000
5.472991	4.571035	2.609947	1.000000
1.115029	4.996721	4.075374	1.000000
3.237944	4.194023	2.626251	1.000000
0.317487	4.024881	3.559861	1.000000
1.965868	3.686480	1.077686	1.000000
4.151111	4.344412	4.641261	1.000000
1.012762	2.128320	3.371072	1.000000
3.286660	1.148573	1.801930	1.000000
3.558930	5.537411	4.073607	1.000000
4.547589	5.152186	3.922565	1.000000
4.357798	2.611129	4.652382	1.000000
0.639136	1.022188	2.721623	1.000000
2.327077	2.249888	2.917628	1.000000
3.156013	0.719896	3.453488	1.000000
4.371986	4.247473	1.946787	1.000000
0.479118	5.753911	3.618889	1.000000
3.174211	3.070930	3.097215	1.000000
5.207671	3.640133	1.767873	1.000000
3.493933	3.238982	2.103095	1.000000
3.068416	2.361616	1.248272	1.000000
1.208536	0.046367	2.932372	1.000000
4.265983	2.419469	3.587023	1.000000
3.096131	1.785896	3.413172	1.000000
2.574257	0.225110	0.289116	1.000000
1.847025	1.091502	0.045839	1.000000
2.951595	0.217460	2.573237	1.000000
2.090569	1.909095	5.228986	1.000000
5.130140	5.646975	5.385736	1.000000
2.602222	5.055508	2.281077	1.000000
3.067766	1.870994	4.730552	1.000000
2.725140	3.573776	4.267607	1.000000
1.887377	4.534948	0.401656	1.000000
5.248400	2.804455	4.129913	1.000000
0.731594	1.225086	3.883248	1.000000
5.368711	1.931929	1.171697	1.000000
2.943223	4.972346	3.228363	1.000000
0.468215	4.322211	4.698541	1.000000
0.834309	2.816620	0.466234	1.000000
5.582796	3.566501	4.841691	1.000000
4.648608	4.506038	1.017086	1.000000
5.544713	1.521305	2.265201	1.000000
5.057243	3.974120	3.822240	1.000000
1.870332	5.002394	3.084848	1.000000
4.654778	0.131201	0.666053	1.000000
0.936990	5.047332	0.387373	1.000000
4.847928	2.095788	0.286486	1.000000
3.762912	0.521891	0.994604	1.000000
1.288861	3.511573	4.565569	1.000000
0.611742	0.572064	4.673864	1.000000
3.925789	5.345545	2.978320	1.000000
2.363029	2.261277	3.983334	1.000000
0.538702	0.450512	0.772608	1.000000
5.458071	1.024689	4.040019	1.000000
3.239825	2.145417	2.478192	1.000000
2.759481	1.531535	0.569588	1.000000
1.262157	2.263474	4.379108	1.000000
0.071310	4.654644	5.625180	1.000000
0.075000	2.023245	3.852257	1.000000
3.777377	1.853411	0.608749	1.000000
2.006927	0.347840	2.069149	1.000000
2.437252	2.984630	1.719195	1.000000
2.204407	0.610906	4.970086	1.000000
0.304976	3.602242	2.351312	1.000000
2.411427	3.898899	5.515233	1.000000
5.459297	1.033202	0.665018	1.000000
5.340854	5.182471	0.545215	1.000000
4.719251	5.717445	1.846774	1.000000
0.252701	5.609449	2.309077	1.000000
2.945090	4.856903	4.546282	1.000000
3.908184	2.831809	0.936270	1.000000
3.904555	5.258094	0.993251	1.000000
2.919765	4.336070	0.543589	1.000000
4.330767	0.426614	3.873581	1.000000
2.560720	1.200973	4.125164	1.000000
3.206079	0.114844	5.007086	1.000000
1.509410	0.506627	4.153408	1.000000
1.176353	1.669636	0.615133	1.000000
1.857661	5.617061	1.084255	1.000000
5.519240	2.678913	3.143030	1.000000
1.170581	4.333871	5.426470	1.000000
2.000761	4.202910	2.128396	1.000000
3.321246	3.282709	5.251696	1.000000
1.057955	3.838197	0.604734	1.000000
2.054714	4.228596	4.619735	1.000000
1.881667	3.111417	3.566408	1.000000
1.303840	5.644843	4.955644	1.000000
1.138083	4.148998	2.670869	1.000000
4.794100	3.452741	0.866159	1.000000
4.618581	3.497146	5.115866	1.000000
5.761253	2.903595	1.101912	1.000000
0.016473	1.801564	0.084043	1.000000
1.005070	0.591486	1.815736	1.000000
5.568177	0.579738	1.682254	1.000000
5.424617	4.989561	1.553620	1.000000
3.524349	2.890383	4.089758	1.000000
5.194359	0.040763	4.396049	1.000000
4.484464	0.724212	4.966618	1.000000
4.189309	3.377317	3.159413	1.000000
4.084411	1.718051	5.074868	1.000000
0.378313	1.556544	4.769588	1.000000
1.375740	1.255924	4.902527	1.000000
2.327469	4.753015	1.341048	1.000000
5.115305	1.926271	5.044159	1.000000
1.568973	1.234939	2.417012	1.000000
1.580105	2.722952	1.270033	1.000000
4.359483	1.456787	4.029771	1.000000
0.584178	4.940027	3.030428	1.000000
4.348001	1.059785	1.703958	1.000000
2.303067	0.192808	3.481290	1.000000
1.792270	0.986833	1.104089	1.000000
0.103227	4.043373	0.831413	1.000000
0.521942	4.634839	2.006041	1.000000
0.881981	3.457466	1.514682	1.000000
0.110135	2.597746	2.206689	1.000000
1.425420	4.015151	3.705787	1.000000
2.932024	3.936571	1.657180	1.000000
3.946281	1.381394	2.844356	1.000000
