172
0.000000 5.701455
0.000000 5.701455
0.000000 5.701455
1.954822	3.375925	5.469823	1.000000
2.109542	1.802437	2.317283	1.000000
2.237797	4.992088	0.690966	1.000000
5.677002	3.771509	3.836857	1.000000
3.671120	3.721034	1.887369	1.000000
3.220992	4.690007	2.777695	1.000000
3.323533	2.105557	2.909660	1.000000
3.952700	1.742047	2.087110	1.000000
4.327621	1.894804	3.131138	1.000000
2.827035	1.004733	4.578436	1.000000
3.707951	1.745653	1.052938	1.000000
4.900012	5.625782	1.552449	1.000000
1.702217	5.634498	3.816659	1.000000
2.240740	4.696706	2.371215	1.000000
2.823038	2.397069	0.982654	1.000000
0.927728	3.766449	5.611831	1.000000
1.850059	5.226543	1.609958	1.000000
3.413675	1.966477	3.899835	1.000000
0.600431	5.424375	3.182343	1.000000
0.550223	1.869580	3.508595	1.000000
4.251917	5.251871	4.800974	1.000000
0.710874	2.723915	4.146799	1.000000
1.741115	1.179962	4.600969	1.000000
3.776368	1.519924	4.748934	1.000000
2.867568	1.634849	1.675835	1.000000
3.560371	0.000346	4.000392	1.000000
1.356472	0.310582	2.323426	1.000000
1.611847	4.252394	1.652938	1.000000
3.713312	4.415557	5.277514	1.000000
5.311275	4.742259	3.568400	1.000000
2.550234	5.054673	5.329762	1.000000
1.183777	0.174729	0.937203	1.000000
2.402676	0.638041	3.690121	1.000000
0.996437	4.580979	0.685149	1.000000
0.663750	3.540259	2.534320	1.000000
5.036529	1.953629	0.280586	1.000000
1.964491	3.127857	3.641324	1.000000
3.092636	0.077043	0.375891	1.000000
4.274637	0.354374	3.204321	1.000000
3.117622	5.227527	1.814658	1.000000
2.766674	4.240429	4.715486	1.000000
2.506780	0.045757	4.544815	1.000000
3.216761	1.160573	5.679997	1.000000
5.559359	1.085049	5.632822	1.000000
3.949785	5.611270	1.198843	1.000000
2.531801	1.819230	5.326794	1.000000
3.383107	4.789056	0.727308	1.000000
0.211342	0.200493	2.273773	1.000000
2.249569	0.038393	2.887244	1.000000
4.011224	2.728501	1.735569	1.000000
3.411715	0.770782	1.074376	1.000000
0.185892	5.670817	4.396112	1.000000
2.042405	2.383301	0.340975	1.000000
3.953922	2.892142	3.842816	1.000000
1.413122	1.952831	5.201157	1.000000
4.045349	3.824570	0.954465	1.000000
5.385292	1.585750	3.018732	1.000000
5.395536	1.252912	1.007991	1.000000
5.091789	4.546317	1.816850	1.000000
2.217697	0.332463	0.788486	1.000000
4.630928	4.066034	4.017066	1.000000
1.926657	4.926327	4.487779	1.000000
5.551047	3.201167	1.783840	1.000000
5.607535	2.451806	1.021496	1.000000
4.374342	1.105400	3.906541	1.000000
0.745384	1.197857	0.840810	1.000000
4.647114	1.023537	2.507449	1.000000
4.354571	3.492563	4.814518	1.000000
1.186186	4.735642	2.436298	1.000000
2.921096	2.753850	5.693207	1.000000
1.664018	1.413685	0.323488	1.000000
4.576815	4.559851	2.715599	1.000000
2.246205	2.717257	2.700865	1.000000
1.678084	5.622223	5.694752	1.000000
0.642011	0.779193	3.019284	1.000000
4.674923	3.509490	2.165597	1.000000
4.655038	2.040603	1.254432	1.000000
2.988066	2.628373	1.990736	1.000000
0.110973	4.902379	2.461537	1.000000
4.575343	2.728911	5.484737	1.000000
2.499119	4.040337	3.637107	1.000000
2.446862	1.748140	3.347574	1.000000
3.602784	0.296839	5.186946	1.000000
0.419419	5.510261	0.107531	1.000000
4.039823	4.669741	1.537437	1.000000
2.578374	1.431621	0.730428	1.000000
3.645870	3.064168	2.737880	1.000000
2.727148	4.289411	1.435030	1.000000
1.730080	3.734588	2.608658	1.000000
1.927381	2.275815	1.448686	1.000000
0.882586	1.087379	5.391111	1.000000
3.690692	0.671898	2.210487	1.000000
0.730040	5.292061	1.641962	1.000000
5.207378	1.776060	3.997228	1.000000
5.501848	2.874078	3.193335	1.000000
5.028022	2.854723	4.230270	1.000000
0.771741	1.054036	1.889714	1.000000
5.619425	5.005965	1.098223	1.000000
5.173602	0.015543	0.499832	1.000000
4.130959	5.409375	2.429717	1.000000
0.042780	2.880123	0.078088	1.000000
2.706512	1.014779	2.631454	1.000000
0.682835	3.955169	4.658890	1.000000
1.964023	3.925257	0.747388	1.000000
3.948837	1.931887	5.667067	1.000000
5.108823	5.566609	2.772613	1.000000
1.489174	1.856551	3.864083	1.000000
3.728257	2.569345	4.914205	1.000000
0.880472	4.818109	5.179548	1.000000
4.336417	0.974714	0.503687	1.000000
1.000975	3.527370	3.600418	1.000000
0.203982	0.297870	1.145114	1.000000
4.825749	4.650281	5.390231	1.000000
5.457190	0.949982	4.547548	1.000000
5.217752	0.096742	5.153585	1.000000
4.632946	3.422269	3.202198	1.000000
0.901713	2.081441	0.392065	1.000000
2.680014	4.123648	0.077242	1.000000
2.195081	3.316284	1.665663	1.000000
1.099153	0.800012	3.931381	1.000000
4.535155	0.883588	4.968954	1.000000
2.611743	3.154910	4.708675	1.000000
1.853464	3.811080	4.448842	1.000000
0.646661	3.623701	1.006681	1.000000
3.518845	4.667005	4.069213	1.000000
2.267991	0.795796	5.501632	1.000000
3.806086	2.686278	0.701681	1.000000
1.302482	2.582328	3.056439	1.000000
0.167771	4.396287	0.138532	1.000000
2.505323	0.317001	1.764915	1.000000
1.737944	2.693644	4.554177	1.000000
4.841723	0.113402	4.124061	1.000000
1.724491	4.377315	5.541115	1.000000
5.556403	4.544061	4.599438	1.000000
4.495468	0.883126	1.517211	1.000000
4.369020	5.072591	3.633971	1.000000
0.067119	2.320524	4.853588	1.000000
0.485357	4.310591	1.744094	1.000000
0.797701	2.155834	1.434760	1.000000
1.107992	1.695820	2.589318	1.000000
1.647350	0.951910	3.050652	1.000000
1.706949	4.726210	3.319057	1.000000
3.728270	3.469839	0.007010	1.000000
4.690339	4.772988	0.723479	1.000000
1.412315	0.234063	4.732907	1.000000
3.238937	0.194104	2.976862	1.000000
4.209953	5.588718	0.216170	1.000000
5.331884	3.890601	0.948368	1.000000
2.592512	5.119578	3.628662	1.000000
5.474309	0.704060	3.511568	1.000000
5.406388	3.940346	2.747010	1.000000
0.853899	2.861024	5.157440	1.000000
3.671440	3.915407	3.272034	1.000000
2.736330	3.708165	2.499243	1.000000
3.483917	3.679647	4.241707	1.000000
4.760083	3.051251	1.130213	1.000000
1.397125	2.972817	0.858378	1.000000
4.792340	2.460973	2.387023	1.000000
2.930747	3.398381	0.909631	1.000000
0.342835	2.497470	2.368287	1.000000
0.860378	4.974907	4.147346	1.000000
0.591067	4.367501	3.202426	1.000000
4.914113	3.694095	0.014887	1.000000
0.710092	1.578390	4.465884	1.000000
1.794250	1.227370	1.421462	1.000000
5.500625	3.466746	4.917354	1.000000
2.967103	3.086683	3.614397	1.000000
4.814931	1.851774	4.935772	1.000000
2.457497	1.958025	4.331467	1.000000
5.570889	1.590054	1.982497	1.000000
1.311744	2.793192	2.044355	1.000000
3.452984	1.022408	3.520180	1.000000
