172
0.000000 5.776690
0.000000 5.776690
0.000000 5.776690
3.217117	5.157626	4.510891	1.000000
1.995128	1.916739	4.714594	1.000000
2.251663	4.272629	3.490213	1.000000
2.871899	3.659370	0.900553	1.000000
0.331484	2.269987	1.278629	1.000000
3.556070	0.101724	2.827562	1.000000
2.209388	5.232035	3.872563	1.000000
3.446638	2.055489	5.420555	1.000000
1.191244	2.645917	3.089725	1.000000
5.459090	1.818392	5.096697	1.000000
1.516173	2.655055	2.125353	1.000000
1.241917	5.700006	4.143324	1.000000
2.761193	4.309263	5.359847	1.000000
0.189287	4.353446	2.996468	1.000000
2.129070	4.129636	2.320098	1.000000
0.353615	1.301027	1.850673	1.000000
3.791278	4.347622	4.893776	1.000000
1.288633	1.047066	5.480658	1.000000
4.110546	4.075157	1.079806	1.000000
3.465968	4.847613	3.389024	1.000000
3.038668	2.235396	4.155950	1.000000
5.375796	2.412794	0.126698	1.000000
1.699764	1.172241	3.641401	1.000000
0.709299	3.963783	4.809608	1.000000
0.231590	1.616331	0.352756	1.000000
3.045801	4.735896	1.094263	1.000000
4.501813	4.820526	1.697223	1.000000
3.765072	1.013154	5.555301	1.000000
4.087088	1.017453	2.489301	1.000000
4.823720	0.412404	2.812337	1.000000
0.386230	3.487760	1.062074	1.000000
1.404609	0.053136	5.304354	1.000000
2.383452	3.237384	1.693811	1.000000
4.021158	1.495545	4.691389	1.000000
5.311895	0.827634	1.321731	1.000000
2.168927	1.998643	2.895612	1.000000
1.501360	4.689882	4.863945	1.000000
4.371164	5.283683	2.697762	1.000000
3.531201	0.673468	1.559355	1.000000
2.557810	1.358947	5.407892	1.000000
1.253193	4.647102	3.843783	1.000000
3.640292	1.824993	1.335959	1.000000
5.254973	1.797912	1.028799	1.000000
1.931041	5.044784	0.363408	1.000000
4.066406	0.203992	4.711335	1.000000
4.945118	0.102908	0.383137	1.000000
3.080845	1.502895	0.487755	1.000000
2.390857	0.038986	1.114714	1.000000
4.749501	1.634010	3.142227	1.000000
4.219803	5.177740	4.072429	1.000000
5.234568	3.976959	1.295957	1.000000
5.387203	5.764946	5.244594	1.000000
3.581793	4.203549	0.185759	1.000000
3.118661	3.986322	2.993028	1.000000
2.029680	1.002896	2.611319	1.000000
5.714043	1.368681	4.231801	1.000000
0.245439	0.324276	4.030926	1.000000
2.878811	2.418798	1.041820	1.000000
4.542032	4.215892	4.170149	1.000000
2.976433	1.434585	3.173117	1.000000
4.114092	3.515173	3.596629	1.000000
5.068413	4.234366	2.556519	1.000000
0.125487	0.472723	0.270237	1.000000
1.891010	0.067199	3.087331	1.000000
3.209653	0.456772	0.496604	1.000000
4.187929	2.292785	0.511875	1.000000
5.424991	1.172326	2.557080	1.000000
3.665859	5.534493	1.127396	1.000000
2.293702	3.906243	4.565578	1.000000
4.646784	0.467807	3.931359	1.000000
5.151078	3.588838	3.466488	1.000000
2.592098	4.974061	2.714310	1.000000
3.117791	2.556435	3.107262	1.000000
3.523388	0.251773	3.861211	1.000000
2.658276	0.106688	2.234124	1.000000
2.116818	2.997871	2.915116	1.000000
1.912180	1.677957	1.855651	1.000000
3.503518	3.018750	0.124799	1.000000
2.565923	2.411092	5.738510	1.000000
1.385780	3.657444	4.106898	1.000000
0.025892	0.297261	2.128509	1.000000
0.528555	5.396898	3.193447	1.000000
0.769932	1.908807	3.708700	1.000000
2.424773	2.835178	4.817380	1.000000
3.985475	2.323576	3.810594	1.000000
2.905060	1.392635	2.108898	1.000000
0.421468	3.673980	0.021185	1.000000
5.496679	3.634162	4.448744	1.000000
2.937709	0.428467	5.223198	1.000000
1.616144	3.067025	0.325502	1.000000
0.238075	3.999518	2.019207	1.000000
1.261615	5.260799	1.103361	1.000000
4.532365	3.372213	0.288294	1.000000
1.400250	4.994496	2.864886	1.000000
4.589300	5.139653	5.162197	1.000000
4.477900	2.605480	5.366608	1.000000
0.675717	2.672905	0.428438	1.000000
0.970387	5.027888	5.775603	1.000000
0.477760	1.042708	3.277808	1.000000
5.351398	3.302259	5.409640	1.000000
5.355252	4.328909	0.280519	1.000000
5.739029	5.271178	0.436606	1.000000
1.180054	4.284721	1.841475	1.000000
4.966352	1.291911	0.200009	1.000000
4.192923	0.850563	0.748470	1.000000
2.794759	2.389859	2.043097	1.000000
1.077545	4.266215	0.808918	1.000000
3.194077	4.151332	4.091231	1.000000
1.023796	0.410784	2.613164	1.000000
1.216599	1.619094	2.620331	1.000000
3.907515	1.242563	3.683916	1.000000
5.385865	5.115313	2.191877	1.000000
0.234630	4.639152	4.117546	1.000000
1.690607	1.873865	0.141572	1.000000
4.841239	0.888666	4.945390	1.000000
5.038711	2.187243	2.060871	1.000000
1.475971	3.232688	5.076862	1.000000
0.448525	3.595735	3.714817	1.000000
4.685084	4.103637	5.320278	1.000000
5.192904	5.415193	4.220054	1.000000
4.520429	0.353541	1.761574	1.000000
3.383230	3.271565	4.845982	1.000000
3.351665	3.917183	1.831146	1.000000
2.703162	3.369939	3.695172	1.000000
3.994063	2.106233	2.399676	1.000000
3.968164	5.707502	0.105746	1.000000
2.511660	3.422647	5.749922	1.000000
2.073383	2.544236	3.927274	1.000000
0.155411	0.938283	5.153112	1.000000
1.194894	0.615758	1.527778	1.000000
1.202431	0.359463	0.545667	1.000000
2.251341	1.068734	1.059265	1.000000
5.202862	5.480603	1.277578	1.000000
4.858378	1.976425	4.280889	1.000000
2.269792	5.376134	4.964497	1.000000
5.495935	2.268555	3.394208	1.000000
0.956911	1.925849	5.086199	1.000000
2.252891	0.538292	0.208612	1.000000
1.740976	4.113879	0.024917	1.000000
1.076118	1.443472	0.863925	1.000000
1.415351	3.301124	1.331955	1.000000
0.669720	5.303786	2.127928	1.000000
5.528131	4.632276	5.015131	1.000000
4.601444	3.011876	4.400682	1.000000
0.484280	5.314831	4.821893	1.000000
3.770052	3.316959	2.578873	1.000000
1.233477	3.645263	2.995078	1.000000
4.687828	2.821781	2.870350	1.000000
2.136952	4.278304	1.253660	1.000000
5.263940	5.360511	3.198297	1.000000
0.217538	4.773473	1.274543	1.000000
0.541360	2.846216	5.190813	1.000000
3.060366	5.252567	0.137910	1.000000
0.471023	3.012202	1.946036	1.000000
0.154541	2.424882	4.325014	1.000000
2.576077	0.611818	3.636617	1.000000
1.828697	5.339181	2.008956	1.000000
3.703955	3.019566	1.369238	1.000000
0.317400	2.146675	2.590750	1.000000
0.424715	0.065791	1.154983	1.000000
1.098240	1.115263	4.475631	1.000000
0.035805	3.109188	2.841192	1.000000
4.607684	3.370781	1.952414	1.000000
3.467344	5.078714	2.184306	1.000000
4.541659	1.370381	1.662173	1.000000
4.940566	2.776139	1.129341	1.000000
4.602784	4.919008	0.642407	1.000000
1.653489	2.340866	1.129349	1.000000
3.075208	1.242551	4.451108	1.000000
1.151232	2.664097	4.297271	1.000000
4.088510	4.320942	2.736523	1.000000
2.076901	0.627334	4.692610	1.000000
