172
0.000000 5.786186
0.000000 5.786186
0.000000 5.786186
2.881699	5.388185	4.081647	1.000000
2.017715	2.099154	5.316099	1.000000
2.258331	4.713713	3.683524	1.000000
3.285782	3.775777	0.514773	1.000000
0.270329	2.145032	1.348640	1.000000
3.012563	0.080362	2.528035	1.000000
2.373538	0.525138	4.715941	1.000000
3.709863	2.464643	4.812753	1.000000
0.970513	2.893251	3.353242	1.000000
5.381113	1.905146	4.374597	1.000000
2.532122	2.499906	2.785130	1.000000
1.299334	4.979614	4.200430	1.000000
3.213746	4.633896	5.332621	1.000000
5.434992	4.351547	4.139986	1.000000
2.022555	4.222359	1.947732	1.000000
0.096750	1.158224	1.199967	1.000000
4.125841	5.174759	5.099611	1.000000
1.222631	2.398154	0.142712	1.000000
3.018693	3.919531	1.948905	1.000000
2.793646	4.736343	2.659695	1.000000
3.138140	3.022333	3.688934	1.000000
5.746522	2.188895	0.114947	1.000000
0.994095	1.429046	4.097236	1.000000
0.204086	4.375285	5.027191	1.000000
4.972337	0.613290	0.855427	1.000000
3.458155	4.769849	0.587176	1.000000
3.924596	4.102863	1.558602	1.000000
4.345544	1.178116	5.483197	1.000000
2.838823	1.552559	2.562921	1.000000
4.272708	0.241046	3.326141	1.000000
5.725812	3.044176	1.026940	1.000000
2.236603	0.213447	5.713672	1.000000
2.063874	3.151260	1.816157	1.000000
2.848801	1.492450	4.617624	1.000000
5.214458	0.715964	2.045098	1.000000
0.830240	1.692806	2.920477	1.000000
2.220391	5.230313	4.929145	1.000000
5.225625	5.426717	2.271680	1.000000
3.232772	1.146816	1.677089	1.000000
3.362155	1.950875	5.666396	1.000000
0.638056	4.303464	3.705799	1.000000
3.969828	1.756027	1.344282	1.000000
4.213257	0.687977	1.598816	1.000000
2.316670	5.450606	1.110548	1.000000
3.006815	0.588493	3.935077	1.000000
3.989638	5.211582	1.324599	1.000000
2.833465	1.724909	0.703528	1.000000
2.390994	0.650013	0.944148	1.000000
4.819217	1.040293	2.971956	1.000000
3.477159	5.210754	3.249161	1.000000
4.741860	4.528313	1.963900	1.000000
5.323441	1.344642	5.232894	1.000000
4.131320	4.171068	5.766811	1.000000
2.502845	3.735235	2.789750	1.000000
1.634960	2.113909	3.347988	1.000000
5.238585	0.467718	3.885394	1.000000
5.755048	5.503952	4.383495	1.000000
2.961819	2.932991	1.050396	1.000000
4.503197	4.212724	4.801986	1.000000
2.776775	1.900815	3.645283	1.000000
5.279306	3.210389	3.472810	1.000000
5.148604	3.929484	2.710122	1.000000
0.062331	0.876036	0.240611	1.000000
1.950887	0.051613	3.766980	1.000000
3.033481	0.938250	5.587284	1.000000
3.792157	2.487267	0.618488	1.000000
5.741323	0.206586	2.964921	1.000000
3.268536	0.108896	1.537458	1.000000
2.937375	4.272238	4.302040	1.000000
4.642324	4.918403	3.005815	1.000000
0.304453	3.605962	2.918631	1.000000
1.556134	4.862316	2.907285	1.000000
3.344977	3.097148	2.616328	1.000000
2.415532	0.708770	3.123458	1.000000
2.294403	0.769307	2.128345	1.000000
2.051659	3.065259	3.673991	1.000000
1.621707	1.160795	1.346352	1.000000
2.634191	2.917755	5.593138	1.000000
1.965863	3.387325	0.687377	1.000000
1.478822	3.436366	4.407159	1.000000
0.776995	5.486720	2.442923	1.000000
5.669764	4.728771	3.200926	1.000000
5.719054	1.720539	3.379341	1.000000
2.478224	3.335861	4.626268	1.000000
3.765843	1.745413	4.054575	1.000000
3.564396	2.163475	3.044169	1.000000
0.910699	4.218943	5.729491	1.000000
5.202084	3.461531	4.722465	1.000000
3.853628	0.236526	4.499402	1.000000
1.562520	3.438378	5.510607	1.000000
0.364438	3.688836	1.699055	1.000000
1.524723	4.866776	0.683098	1.000000
4.304856	3.381574	0.644633	1.000000
0.609391	4.422773	2.377977	1.000000
4.426736	5.063821	0.343200	1.000000
4.643342	2.236938	5.464114	1.000000
0.416318	3.316732	5.676283	1.000000
1.082210	5.286266	5.673480	1.000000
0.736965	5.277347	3.428699	1.000000
5.152199	3.073912	5.707542	1.000000
5.214709	4.137325	0.007665	1.000000
5.059585	5.784648	0.051059	1.000000
1.324085	3.896090	1.309668	1.000000
5.010930	1.551675	0.471907	1.000000
3.862801	0.981563	0.622167	1.000000
3.234772	2.275115	1.924377	1.000000
0.249016	4.044528	0.761904	1.000000
3.807810	4.761237	4.206355	1.000000
1.416620	0.521812	2.775275	1.000000
0.554135	0.716625	2.303458	1.000000
3.703263	1.149436	3.243964	1.000000
0.029508	4.811085	1.443472	1.000000
4.702218	5.386326	4.158605	1.000000
1.873908	1.420328	0.395183	1.000000
4.648473	1.215444	4.203748	1.000000
5.020095	1.636809	1.552141	1.000000
1.799546	4.311328	4.914878	1.000000
0.429997	3.518743	4.345452	1.000000
4.195205	3.162612	5.384652	1.000000
4.984467	0.399878	4.912405	1.000000
4.150677	0.031474	2.350973	1.000000
3.275469	3.642043	5.163590	1.000000
3.018522	4.929239	1.640281	1.000000
3.552509	4.161519	3.242722	1.000000
4.976060	2.726491	2.621181	1.000000
4.002471	0.238845	5.616707	1.000000
2.376521	4.039722	5.688070	1.000000
2.050154	2.214409	4.313276	1.000000
0.109463	0.687266	4.615379	1.000000
1.262810	0.249130	1.676269	1.000000
1.023899	0.577407	0.274206	1.000000
2.276153	1.846933	1.778264	1.000000
4.957731	5.473619	1.274928	1.000000
4.648593	2.658444	4.492880	1.000000
3.098301	5.637814	5.262799	1.000000
5.676517	1.592200	2.379553	1.000000
0.664139	1.804710	5.270346	1.000000
0.787285	5.570869	0.847459	1.000000
2.468039	5.043604	0.168611	1.000000
0.919685	1.505453	0.705691	1.000000
0.947180	2.981322	0.977400	1.000000
1.098092	4.923865	1.607482	1.000000
5.187599	5.055122	5.102345	1.000000
3.948705	3.461261	4.268435	1.000000
0.209463	5.700232	5.339965	1.000000
4.206956	2.976623	3.411661	1.000000
1.484957	3.839124	3.375115	1.000000
4.522233	1.992439	3.407976	1.000000
2.360966	4.313522	0.931880	1.000000
4.528133	4.010697	3.647508	1.000000
5.734161	5.009376	0.385649	1.000000
0.023042	2.636061	4.997692	1.000000
3.206093	0.070658	0.536090	1.000000
1.139652	3.176297	2.209035	1.000000
0.428187	2.379800	4.066889	1.000000
0.895036	0.459975	3.825852	1.000000
2.160247	5.435868	2.113787	1.000000
4.337443	2.669250	1.846583	1.000000
1.316892	2.174095	1.974638	1.000000
0.148826	0.068116	1.638500	1.000000
1.300061	0.209979	4.823393	1.000000
0.407397	2.508380	2.423406	1.000000
5.064700	3.461384	1.743082	1.000000
3.845040	4.823195	2.331004	1.000000
4.192912	1.510059	2.337570	1.000000
4.861448	2.523658	0.992483	1.000000
4.999551	4.265581	0.984839	1.000000
1.778688	2.422225	1.095868	1.000000
1.947015	1.086444	3.973347	1.000000
1.188823	2.515433	4.773909	1.000000
4.266234	3.481226	2.464471	1.000000
1.493340	1.254465	5.040245	1.000000
