172
0.000000 5.759111
0.000000 5.759111
0.000000 5.759111
2.758642	5.670962	5.171789	1.000000
1.552637	2.387592	0.378647	1.000000
2.509965	3.257476	4.292904	1.000000
4.587033	3.694782	0.236081	1.000000
1.487981	3.288081	1.521983	1.000000
4.582336	0.449132	1.604387	1.000000
3.706271	5.686688	4.643274	1.000000
0.077042	1.742091	3.108599	1.000000
0.944390	2.483075	3.765934	1.000000
0.248025	1.488961	4.108174	1.000000
1.319428	3.486570	2.552464	1.000000
1.393894	1.021981	4.482047	1.000000
2.031759	2.446176	5.006965	1.000000
0.072208	5.106748	2.836695	1.000000
2.310026	5.086050	1.244280	1.000000
2.458295	0.554397	2.428952	1.000000
4.423892	4.844120	5.390648	1.000000
1.155991	2.893396	5.301227	1.000000
3.019200	3.252878	1.575156	1.000000
2.470335	4.023486	2.330693	1.000000
3.801010	2.329452	3.388319	1.000000
0.970075	1.861634	1.168213	1.000000
1.069945	2.058630	4.691573	1.000000
0.096289	4.201052	4.337136	1.000000
3.756505	2.032655	5.131384	1.000000
2.962161	0.055180	1.540259	1.000000
4.371916	4.276745	1.961221	1.000000
3.302196	1.316229	4.087714	1.000000
3.168037	2.451813	2.477395	1.000000
3.877213	5.368341	1.585144	1.000000
0.533417	4.766794	1.053989	1.000000
1.566846	5.443244	0.214322	1.000000
0.570636	3.661528	0.799711	1.000000
4.255463	0.707915	3.770956	1.000000
0.006939	0.176325	1.769531	1.000000
4.226070	2.531817	2.469028	1.000000
1.748058	0.219158	5.024799	1.000000
1.170578	5.437889	2.984391	1.000000
1.931261	0.426385	1.293023	1.000000
1.916852	1.895672	4.168299	1.000000
5.248956	3.322480	4.355203	1.000000
3.901100	2.204372	0.351820	1.000000
5.108630	1.630633	2.063226	1.000000
2.584852	3.566505	5.622403	1.000000
2.676564	5.131287	2.497701	1.000000
5.437461	4.412135	1.894958	1.000000
3.895454	0.226661	0.708669	1.000000
3.305333	4.758000	0.721772	1.000000
3.800219	1.368653	3.060299	1.000000
3.154835	5.154903	3.815547	1.000000
5.505296	3.877778	3.415909	1.000000
4.783517	1.713074	3.296334	1.000000
4.270779	5.031173	0.602416	1.000000
2.608638	3.997803	0.776714	1.000000
1.404775	0.646717	2.816445	1.000000
0.027520	2.872605	3.542828	1.000000
5.710337	5.532004	5.064477	1.000000
4.051631	3.209859	1.670353	1.000000
4.934699	4.802945	4.369839	1.000000
2.304608	2.000724	1.630813	1.000000
3.587917	3.254493	3.707847	1.000000
0.539445	2.684115	1.592280	1.000000
3.781407	1.201170	0.958992	1.000000
2.107015	5.264551	4.388003	1.000000
2.770624	5.703626	0.486181	1.000000
3.279523	0.711306	5.723928	1.000000
4.707454	0.639624	2.741854	1.000000
3.237495	0.505040	3.385406	1.000000
1.851479	3.790019	3.444637	1.000000
4.756444	4.583303	3.054404	1.000000
3.612057	4.287964	3.122832	1.000000
0.676880	4.107705	1.801486	1.000000
5.482607	2.099758	1.227466	1.000000
3.612852	0.575595	2.303052	1.000000
3.287860	2.114152	1.263687	1.000000
2.766372	4.168693	3.719031	1.000000
1.983029	1.469855	2.670412	1.000000
2.584722	1.459742	5.042414	1.000000
2.785379	1.807773	0.268099	1.000000
0.301316	2.707992	4.561680	1.000000
1.754514	4.600510	2.807511	1.000000
2.260511	0.012783	3.316321	1.000000
0.061232	1.885650	5.080381	1.000000
2.254612	2.902764	2.167806	1.000000
2.987540	2.660779	5.439391	1.000000
3.488663	3.400153	2.593915	1.000000
1.416888	4.660425	3.805121	1.000000
4.262438	2.963728	4.389100	1.000000
4.238680	5.291831	3.663487	1.000000
0.428285	3.752879	5.524907	1.000000
1.656699	4.394986	1.770198	1.000000
1.571453	4.457420	5.347253	1.000000
5.025505	5.330073	1.187213	1.000000
5.754136	5.300347	3.910534	1.000000
4.256639	1.217555	0.043234	1.000000
4.269482	1.620799	4.234500	1.000000
5.441055	3.064870	5.566688	1.000000
0.793198	5.003869	4.763582	1.000000
1.870499	1.515645	0.793164	1.000000
5.538313	4.253840	0.572971	1.000000
4.403146	3.846913	4.970448	1.000000
5.242491	1.706385	0.244058	1.000000
2.041331	4.197146	4.448802	1.000000
5.128932	1.143774	4.519724	1.000000
3.869347	0.908949	4.854274	1.000000
3.106548	1.433932	1.983628	1.000000
0.270579	0.192704	0.556351	1.000000
4.849120	0.038424	4.504362	1.000000
2.295326	1.149242	3.606080	1.000000
2.102481	0.718421	0.142251	1.000000
2.855086	1.969527	3.371041	1.000000
4.957301	0.365124	0.554173	1.000000
0.456571	0.268731	3.402744	1.000000
1.632068	1.490293	5.357729	1.000000
0.036725	0.875660	2.506286	1.000000
4.801863	1.339966	1.130010	1.000000
2.443130	4.820448	0.016416	1.000000
0.327869	2.607858	0.609879	1.000000
3.394427	3.643681	4.667759	1.000000
4.412025	0.191885	5.486380	1.000000
0.000551	1.139411	0.908819	1.000000
3.963792	3.025306	5.366789	1.000000
3.835995	5.140454	2.621570	1.000000
3.292096	4.485050	1.715354	1.000000
4.891081	3.591647	2.592570	1.000000
3.584635	5.390528	5.720285	1.000000
1.062366	3.784824	4.532298	1.000000
2.658583	0.463666	4.309573	1.000000
5.260330	0.608123	3.635445	1.000000
1.295154	5.415793	1.180453	1.000000
0.719070	1.517617	0.057190	1.000000
0.633939	1.692405	2.260675	1.000000
0.778613	5.114140	2.002890	1.000000
4.748979	2.829634	3.433358	1.000000
3.542268	3.981015	5.646346	1.000000
0.688277	2.609657	2.759394	1.000000
3.224031	2.533476	4.331019	1.000000
1.677039	4.509361	0.616499	1.000000
2.951782	4.663446	4.766447	1.000000
1.077894	0.436648	1.856263	1.000000
0.429225	4.848511	0.023266	1.000000
0.677143	4.312176	2.934388	1.000000
3.296367	3.288167	0.567632	1.000000
3.887110	4.672346	4.374040	1.000000
5.444196	0.731153	5.517085	1.000000
4.304853	2.240565	1.299041	1.000000
1.143668	0.014293	4.123008	1.000000
4.118855	1.367004	1.944980	1.000000
2.441278	2.776527	0.766867	1.000000
4.464113	3.997292	3.827300	1.000000
5.226709	5.201834	0.183690	1.000000
4.877119	2.255988	5.209927	1.000000
3.913445	3.985717	1.011732	1.000000
0.829245	3.500699	3.580652	1.000000
5.159648	2.311579	4.208089	1.000000
1.076493	1.281802	3.546309	1.000000
1.756833	5.412561	2.151522	1.000000
4.862128	2.708423	0.555230	1.000000
1.724179	2.346083	3.102604	1.000000
1.040434	0.873646	0.824535	1.000000
0.283674	0.487642	4.427571	1.000000
0.150622	3.470916	2.533019	1.000000
5.288249	2.615855	2.201193	1.000000
4.862848	5.305217	2.253718	1.000000
2.733811	0.984780	1.082952	1.000000
5.314752	4.328914	5.279798	1.000000
5.325197	3.441077	1.364491	1.000000
1.421461	2.306528	2.029157	1.000000
1.600334	1.302137	1.759104	1.000000
1.700184	3.504398	0.449290	1.000000
2.595884	3.082293	3.163857	1.000000
0.938804	0.594183	5.486254	1.000000
