172
0.000000 5.747678
0.000000 5.747678
0.000000 5.747678
2.878408	4.211133	5.062248	1.000000
2.938399	2.959958	1.686831	1.000000
2.637893	4.373860	3.970379	1.000000
4.957983	3.785417	1.290880	1.000000
1.242327	4.539915	1.765059	1.000000
3.214620	0.925995	2.412501	1.000000
4.284791	0.413846	3.638765	1.000000
5.459724	3.094019	4.113456	1.000000
0.564066	4.656417	3.714116	1.000000
1.446908	1.737551	5.089751	1.000000
1.235099	5.649754	3.924940	1.000000
0.678984	0.594221	4.445462	1.000000
0.836642	2.102578	0.273446	1.000000
0.389065	5.091524	1.836714	1.000000
2.115341	0.161078	4.957461	1.000000
1.532561	0.850801	2.075554	1.000000
4.378261	5.459249	4.989414	1.000000
0.648737	2.693894	4.894069	1.000000
3.165780	4.116790	1.270787	1.000000
4.022864	3.766061	2.571347	1.000000
3.650277	3.016041	3.268314	1.000000
5.605490	1.991251	0.096062	1.000000
0.765248	2.658583	3.854313	1.000000
0.432584	5.205500	4.629355	1.000000
4.455878	2.347018	3.070850	1.000000
2.448815	0.169691	1.965749	1.000000
4.548786	5.396507	2.188793	1.000000
2.655460	3.359063	4.346391	1.000000
3.119273	1.777205	2.951630	1.000000
3.604346	0.018562	1.738916	1.000000
0.997553	5.214879	5.564962	1.000000
1.956721	0.940625	5.625916	1.000000
1.137138	3.387826	1.570164	1.000000
3.276741	0.344585	4.234191	1.000000
0.266994	0.778564	5.723293	1.000000
4.591759	3.272977	3.507221	1.000000
2.947304	5.116348	4.575724	1.000000
2.098372	1.672854	2.847233	1.000000
0.541866	0.436955	1.471656	1.000000
2.537482	2.372913	4.644350	1.000000
5.441904	3.443552	5.090557	1.000000
3.772937	2.259867	0.342672	1.000000
5.646513	2.665315	3.220775	1.000000
1.917442	2.727668	1.260795	1.000000
3.959660	4.474267	1.798979	1.000000
0.160715	3.974892	2.172771	1.000000
0.993096	0.214285	0.576650	1.000000
2.583366	4.609510	0.252040	1.000000
3.985921	1.295957	3.215482	1.000000
3.044773	4.966070	2.022831	1.000000
0.975669	3.565913	5.365661	1.000000
3.832293	1.685099	2.182446	1.000000
3.472742	5.137251	0.868625	1.000000
1.803779	3.718699	0.334025	1.000000
0.640823	1.373454	1.872121	1.000000
0.780112	3.322501	3.029231	1.000000
5.721967	5.592255	5.468539	1.000000
4.942077	4.202976	2.334274	1.000000
4.066929	4.565673	4.538129	1.000000
1.696773	3.669354	2.403442	1.000000
3.480558	3.845813	3.815222	1.000000
1.793560	2.820084	3.345808	1.000000
3.419622	1.370378	1.275340	1.000000
2.809853	4.808638	3.007341	1.000000
3.078806	0.263944	5.231560	1.000000
2.936190	1.200052	0.256696	1.000000
5.196181	1.124762	1.922321	1.000000
2.251357	0.685506	3.240361	1.000000
1.974649	5.517247	2.871916	1.000000
4.340064	4.281931	3.406496	1.000000
4.681143	5.308229	3.200093	1.000000
4.982767	3.197165	2.466103	1.000000
4.949813	2.792785	1.484298	1.000000
2.705609	1.995489	2.032857	1.000000
2.941498	3.210575	0.654864	1.000000
3.546180	5.217433	3.758972	1.000000
5.218468	2.171531	2.370766	1.000000
2.841159	1.274506	4.952949	1.000000
1.852071	1.859890	0.719241	1.000000
0.105860	2.999056	0.194500	1.000000
2.424018	5.185447	1.055380	1.000000
1.775180	0.780484	4.135472	1.000000
5.305792	2.252368	4.925996	1.000000
2.865203	3.993165	2.244155	1.000000
3.642141	2.133818	4.961783	1.000000
2.520389	3.576433	3.312734	1.000000
1.134850	0.436204	5.325124	1.000000
4.463681	2.465068	4.234899	1.000000
0.152415	5.723165	3.637532	1.000000
0.184096	3.156880	1.197803	1.000000
2.099937	4.651433	2.283317	1.000000
1.967810	4.993244	4.381742	1.000000
0.547708	5.081948	0.796727	1.000000
5.304783	4.736462	3.979526	1.000000
4.485580	5.527916	1.191692	1.000000
5.309459	0.701613	3.047993	1.000000
4.504695	2.783407	5.274206	1.000000
2.553448	5.497957	3.702277	1.000000
4.894435	5.165449	0.231755	1.000000
5.218193	4.836012	1.231329	1.000000
4.208839	4.264848	0.736500	1.000000
3.849867	0.834094	0.530469	1.000000
1.609778	3.136072	4.638845	1.000000
5.142313	0.915911	4.034715	1.000000
4.162838	0.693082	5.023734	1.000000
2.703908	2.729380	2.716781	1.000000
0.897260	1.213199	0.841915	1.000000
5.301911	0.020356	4.512113	1.000000
3.620298	1.959805	3.908432	1.000000
2.434426	1.160754	1.450951	1.000000
1.117189	2.027978	3.019937	1.000000
5.433052	0.018355	0.909233	1.000000
1.077938	0.826082	3.359837	1.000000
2.535426	2.116402	5.615560	1.000000
0.191622	1.486253	2.870365	1.000000
2.810750	2.143933	1.045449	1.000000
1.792882	4.467940	5.396860	1.000000
0.227872	2.939926	2.178619	1.000000
2.443857	3.323988	5.414136	1.000000
4.739833	0.516487	0.147281	1.000000
5.543120	1.019005	0.942866	1.000000
4.469092	1.698659	5.518665	1.000000
5.460172	0.136028	2.011304	1.000000
3.788672	4.910328	2.716134	1.000000
3.896861	2.733503	2.334374	1.000000
2.954647	0.261511	0.696057	1.000000
2.152996	3.813774	1.392236	1.000000
3.270987	0.020530	2.867849	1.000000
0.326977	1.506583	3.891450	1.000000
1.930349	5.473867	0.126543	1.000000
0.455870	1.662086	4.903705	1.000000
5.627326	2.110202	1.134146	1.000000
1.474826	5.630979	1.496643	1.000000
5.500821	3.836806	3.252389	1.000000
3.375559	3.960596	0.151173	1.000000
0.156439	4.015350	4.388613	1.000000
3.539098	3.044487	5.464271	1.000000
1.492866	4.728975	0.683133	1.000000
3.941430	3.417045	4.608492	1.000000
1.436682	2.661615	2.279705	1.000000
1.133458	4.470253	4.616248	1.000000
0.878336	5.307035	2.989549	1.000000
4.013249	3.210068	0.611545	1.000000
4.270226	4.128230	5.420906	1.000000
1.030052	3.129348	0.605589	1.000000
3.802997	2.499398	1.329959	1.000000
0.493444	0.408398	2.578962	1.000000
4.237771	0.783820	1.486654	1.000000
0.699142	4.048723	0.953199	1.000000
4.841937	3.896113	4.379966	1.000000
3.574075	5.111099	5.532115	1.000000
5.208913	1.023538	5.039652	1.000000
3.850073	3.458358	1.627877	1.000000
0.244496	4.128623	0.019094	1.000000
5.163607	1.871750	3.625104	1.000000
1.503599	1.951313	4.005261	1.000000
1.949463	0.501617	0.850918	1.000000
4.818195	2.536566	0.446267	1.000000
1.862635	4.638078	3.355670	1.000000
5.035558	3.761226	0.257888	1.000000
4.350658	1.449260	4.388690	1.000000
5.611149	4.949862	2.773731	1.000000
4.423123	1.606197	0.843100	1.000000
4.215602	0.504824	2.613818	1.000000
1.743172	1.822518	1.752530	1.000000
5.237393	4.694870	5.027297	1.000000
1.545118	3.723177	3.828224	1.000000
0.979023	4.329054	2.770065	1.000000
0.846925	2.380527	1.242865	1.000000
1.692600	2.657891	5.518959	1.000000
2.851156	2.599348	3.716157	1.000000
2.540197	1.445930	3.827864	1.000000
