172
0.000000 5.738339
0.000000 5.738339
0.000000 5.738339
4.319433	4.422235	3.507408	1.000000
4.162026	1.338590	4.607503	1.000000
1.970697	4.134847	3.584918	1.000000
1.981421	2.799428	2.660163	1.000000
5.701426	1.263975	2.326456	1.000000
2.366147	0.924420	3.028193	1.000000
2.518024	5.002976	3.853007	1.000000
1.393980	3.495449	5.165466	1.000000
1.268644	1.618536	2.782776	1.000000
0.602928	2.670498	5.423023	1.000000
0.544077	3.437004	3.201446	1.000000
0.224255	0.867237	4.442927	1.000000
1.697930	2.353688	4.360896	1.000000
5.547462	4.113815	2.102107	1.000000
2.920041	2.903412	0.475231	1.000000
2.019434	1.123017	0.294149	1.000000
3.033265	4.291731	0.549318	1.000000
0.691152	2.029770	4.537477	1.000000
1.727844	4.386373	1.749353	1.000000
2.370915	0.698490	4.819785	1.000000
3.307446	2.907457	2.336273	1.000000
0.553374	2.950451	0.923274	1.000000
3.069406	1.278202	3.821652	1.000000
0.035266	3.523072	5.053089	1.000000
0.984148	2.348446	3.574452	1.000000
2.863215	4.782287	2.384448	1.000000
5.430559	0.388377	3.194972	1.000000
4.503097	2.904203	0.862404	1.000000
4.464524	5.035437	4.638655	1.000000
4.676640	0.144709	2.400021	1.000000
1.159771	5.330768	2.470182	1.000000
1.079933	4.764096	0.686146	1.000000
2.205187	1.655268	2.351770	1.000000
3.699422	4.947061	5.533821	1.000000
4.491577	2.909682	2.573103	1.000000
1.468444	3.232653	3.677820	1.000000
5.318755	0.184065	5.699077	1.000000
4.260488	0.090503	3.416978	1.000000
3.785163	5.438575	1.752984	1.000000
2.466290	1.442532	1.231548	1.000000
0.291333	4.771244	3.878175	1.000000
3.861676	2.296036	4.788322	1.000000
5.149914	1.853439	1.068241	1.000000
2.036377	4.507293	0.429631	1.000000
0.554371	5.679486	4.929459	1.000000
3.991027	1.008362	0.289647	1.000000
3.878824	3.741998	0.681309	1.000000
4.575642	5.697802	1.151898	1.000000
0.792425	4.064448	1.447308	1.000000
3.730193	4.340582	4.695393	1.000000
0.135598	0.215095	1.981458	1.000000
5.582634	4.656996	4.910924	1.000000
2.835897	5.660160	1.032664	1.000000
1.909733	4.692886	2.707683	1.000000
2.020075	5.641015	1.762905	1.000000
1.233013	1.752747	0.124841	1.000000
1.604196	0.688112	2.380706	1.000000
1.102871	1.444351	1.667440	1.000000
4.826778	5.001271	5.633392	1.000000
3.230600	1.478394	5.037393	1.000000
5.002021	1.989856	2.094142	1.000000
5.053286	4.946543	2.437993	1.000000
5.324852	2.898238	1.767554	1.000000
0.057948	3.782565	4.051341	1.000000
3.463428	0.794155	1.233313	1.000000
3.235877	2.060707	1.407567	1.000000
0.213712	2.112297	1.701673	1.000000
4.824525	3.776718	5.651683	1.000000
1.696726	5.423178	4.386675	1.000000
5.113809	0.975628	5.034989	1.000000
4.273993	1.680248	3.666771	1.000000
3.158884	5.581562	3.128034	1.000000
1.186153	2.407604	2.073890	1.000000
3.310944	0.183154	5.177892	1.000000
1.975152	2.066229	3.395316	1.000000
1.208459	5.003096	5.295649	1.000000
3.719808	0.497527	4.271228	1.000000
4.026292	2.950213	5.680512	1.000000
2.535691	1.980694	0.381867	1.000000
3.256019	3.510420	4.188223	1.000000
0.227991	2.196987	2.711641	1.000000
5.332781	5.685870	4.609686	1.000000
5.276906	1.666144	4.223329	1.000000
3.018937	0.655157	0.328716	1.000000
3.841234	3.514067	3.293757	1.000000
3.828561	5.723310	0.434871	1.000000
4.366831	0.187506	5.128214	1.000000
5.461562	2.992940	0.235511	1.000000
2.659478	0.308761	3.941689	1.000000
0.688230	4.149891	5.518872	1.000000
0.355854	4.952144	1.727912	1.000000
1.189867	0.732211	4.812653	1.000000
4.183241	3.402985	1.702582	1.000000
5.528906	4.212213	3.183644	1.000000
4.142962	3.376560	4.687686	1.000000
2.246560	3.338210	4.531861	1.000000
1.504148	2.203320	1.113291	1.000000
0.396816	5.231077	0.120708	1.000000
5.720573	1.373418	3.341073	1.000000
4.262292	4.784264	0.719133	1.000000
2.037941	4.338747	4.673859	1.000000
5.161521	4.842094	1.323964	1.000000
0.838567	4.405498	3.083464	1.000000
4.583703	1.736535	5.527261	1.000000
4.151854	1.832198	0.924801	1.000000
4.117885	2.403983	1.758843	1.000000
1.540909	3.298021	1.680402	1.000000
4.909321	3.473065	3.602979	1.000000
1.412825	5.163386	3.455174	1.000000
4.839378	1.171287	2.828458	1.000000
3.637836	0.892267	3.073139	1.000000
0.705301	0.578493	3.058247	1.000000
4.918648	2.732933	5.132655	1.000000
0.547962	0.827777	1.048201	1.000000
0.382955	1.895177	0.655506	1.000000
4.844761	3.889062	0.920037	1.000000
2.227554	3.469078	0.944551	1.000000
5.414621	3.279784	2.726458	1.000000
4.817634	4.108580	4.386141	1.000000
0.630406	0.092415	3.940434	1.000000
3.903954	5.012852	2.673183	1.000000
2.937437	4.137377	3.305089	1.000000
3.188947	3.534017	1.437264	1.000000
2.570944	3.084596	3.426185	1.000000
2.933147	2.138934	2.978505	1.000000
1.529830	0.446792	3.614340	1.000000
1.791241	2.642882	0.224175	1.000000
5.699403	2.743157	3.854415	1.000000
0.511245	1.230365	5.370322	1.000000
3.567669	5.216870	4.002426	1.000000
1.053776	5.648172	1.478367	1.000000
5.234813	1.106967	0.386280	1.000000
5.213241	0.786953	1.462012	1.000000
4.815817	0.778940	4.014645	1.000000
1.842522	5.433457	0.787864	1.000000
4.693695	2.568056	4.171407	1.000000
2.789502	2.815189	5.190461	1.000000
1.169781	0.549582	0.284988	1.000000
2.450499	2.782114	1.639244	1.000000
3.099287	0.334903	2.186237	1.000000
1.418772	3.641351	2.706682	1.000000
2.167114	5.654965	2.801231	1.000000
2.891150	4.978577	4.840898	1.000000
3.399335	3.750427	5.436911	1.000000
1.883357	5.737115	5.428912	1.000000
2.584462	4.724361	1.335577	1.000000
1.041378	4.028015	4.144008	1.000000
0.576612	3.309709	2.127554	1.000000
2.430596	3.715242	2.525269	1.000000
5.133513	5.118935	3.545728	1.000000
0.277646	5.255301	2.945905	1.000000
1.264966	3.632198	0.451876	1.000000
2.748341	5.220727	0.064335	1.000000
2.680775	2.164536	4.224649	1.000000
5.592310	1.968273	5.158367	1.000000
1.893203	1.347201	4.175235	1.000000
1.725278	0.680203	1.145745	1.000000
3.646521	2.474123	3.656905	1.000000
5.071930	2.301496	3.161042	1.000000
5.657657	5.706046	0.971513	1.000000
0.936179	1.288284	3.788219	1.000000
3.993091	2.000252	2.751461	1.000000
4.699710	3.973642	2.637903	1.000000
3.175139	1.332467	2.212933	1.000000
4.324542	1.046574	1.932892	1.000000
0.084887	4.061932	0.670154	1.000000
4.238185	4.494374	1.800027	1.000000
2.306046	3.787900	5.483902	1.000000
3.643906	2.017421	0.051404	1.000000
0.729481	3.099701	4.470931	1.000000
3.509655	3.922647	2.404864	1.000000
2.101554	1.722334	5.097170	1.000000
