172
0.000000 5.746950
0.000000 5.746950
0.000000 5.746950
3.326388	5.413259	4.565322	1.000000
2.170888	1.298198	5.133288	1.000000
2.051508	3.973842	3.079935	1.000000
2.828604	2.945737	0.964946	1.000000
0.390254	1.768900	1.760461	1.000000
3.639778	0.479934	2.763044	1.000000
2.262677	5.210067	3.779682	1.000000
2.671345	2.314017	4.765098	1.000000
1.194935	2.239882	3.219029	1.000000
5.692523	1.970839	5.223262	1.000000
1.462366	1.832288	2.058241	1.000000
1.282592	5.301712	4.312826	1.000000
2.758098	4.118548	5.409442	1.000000
5.709670	4.307099	2.548684	1.000000
2.639026	4.145371	2.245279	1.000000
0.328701	0.743159	2.196700	1.000000
3.704178	4.349901	4.999168	1.000000
1.011594	1.033479	5.247576	1.000000
4.316498	4.324523	1.282117	1.000000
3.202936	5.495536	3.534898	1.000000
2.927513	2.320816	3.558186	1.000000
5.124828	2.908969	0.183100	1.000000
1.870814	1.232935	3.426364	1.000000
0.815024	3.986551	4.705791	1.000000
0.424345	1.676137	0.730465	1.000000
2.845222	4.558235	1.294404	1.000000
3.896770	5.627310	1.958685	1.000000
4.122934	1.241413	0.134285	1.000000
3.508426	1.973375	2.700300	1.000000
4.534684	1.068904	2.981261	1.000000
0.435692	3.591997	0.919785	1.000000
1.070054	5.467286	5.357687	1.000000
1.530161	2.837950	2.462333	1.000000
3.697667	1.579285	4.731404	1.000000
5.218138	1.269291	1.389601	1.000000
2.246143	2.110858	2.680884	1.000000
2.211209	4.999292	4.811341	1.000000
4.037485	4.921939	3.157749	1.000000
3.032555	5.495972	0.877802	1.000000
3.146330	1.426207	5.608833	1.000000
1.404821	4.117220	3.835180	1.000000
3.940849	1.656631	1.125942	1.000000
5.132170	1.661775	0.339834	1.000000
1.788138	4.538472	0.083626	1.000000
4.053130	0.527734	4.830429	1.000000
4.346864	0.256885	0.258133	1.000000
3.656643	2.204331	0.283462	1.000000
2.032485	5.295020	0.707925	1.000000
4.470188	2.254611	2.886488	1.000000
4.330607	5.647151	4.083948	1.000000
5.148628	5.084854	1.411336	1.000000
0.136721	5.636049	0.216555	1.000000
3.292858	3.976677	0.590798	1.000000
2.948436	4.485148	3.199697	1.000000
2.379060	0.496933	2.531566	1.000000
0.008438	1.210566	4.509910	1.000000
5.542336	5.665870	4.105972	1.000000
2.954939	1.824344	1.054262	1.000000
4.994544	4.971876	3.547616	1.000000
2.880313	1.199933	3.066820	1.000000
4.752676	3.534649	2.767003	1.000000
4.795061	4.455744	2.169953	1.000000
0.412800	0.615069	1.164644	1.000000
1.526287	0.274660	3.447324	1.000000
3.341284	0.920213	0.769349	1.000000
4.468639	2.027002	5.364993	1.000000
5.230786	1.548435	2.431386	1.000000
4.227051	5.329985	0.989947	1.000000
2.548361	4.245118	4.102734	1.000000
4.774190	0.852512	4.017328	1.000000
4.886465	3.954903	3.796916	1.000000
2.158715	4.931005	2.762691	1.000000
2.933279	2.953236	2.734841	1.000000
3.687890	0.624285	3.828289	1.000000
2.296741	0.693416	1.285744	1.000000
2.105800	2.950599	3.388291	1.000000
2.527355	1.432172	1.948524	1.000000
4.304362	3.039956	5.372517	1.000000
2.424166	2.106478	0.012239	1.000000
2.230138	3.237290	4.371535	1.000000
5.433823	0.469195	2.992797	1.000000
0.582641	5.668122	3.208524	1.000000
0.127176	2.170442	4.222332	1.000000
1.789125	2.692797	5.223939	1.000000
3.871300	2.913287	3.516174	1.000000
3.543130	0.894073	1.824590	1.000000
0.165969	3.696039	5.481465	1.000000
5.424783	4.242646	4.607892	1.000000
3.059785	0.629152	4.661086	1.000000
1.827293	3.021910	0.647057	1.000000
5.544818	3.940006	1.618338	1.000000
1.034517	5.156431	0.644620	1.000000
3.960668	3.180278	0.626588	1.000000
1.168364	4.579876	2.954201	1.000000
4.072044	5.365965	5.275886	1.000000
4.004135	2.549052	4.444225	1.000000
0.421710	2.816405	0.142797	1.000000
0.766927	4.535050	5.558823	1.000000
5.462683	1.665467	3.404051	1.000000
4.845925	3.883669	5.403893	1.000000
4.999040	3.826334	0.694906	1.000000
0.026173	4.670298	0.675765	1.000000
1.528295	3.776008	2.048582	1.000000
0.135587	0.965742	0.056259	1.000000
4.286379	0.598571	1.216990	1.000000
2.388173	2.616610	1.818429	1.000000
1.177072	3.650819	0.173952	1.000000
3.647348	4.254186	3.924381	1.000000
0.426129	0.900929	3.634942	1.000000
0.746129	1.461515	2.778735	1.000000
4.005371	1.758324	3.749955	1.000000
5.460364	5.372587	2.328141	1.000000
0.285423	4.663523	3.582890	1.000000
1.242529	2.017423	0.228711	1.000000
4.845730	1.124294	4.993435	1.000000
4.751674	2.314229	1.016676	1.000000
1.836684	3.772402	5.165949	1.000000
0.296319	3.496135	3.981065	1.000000
4.557327	4.778212	4.570275	1.000000
4.994338	0.086068	5.023478	1.000000
4.837552	0.589489	2.149391	1.000000
3.244376	3.519199	4.653655	1.000000
3.499398	3.599398	1.651008	1.000000
2.968018	3.363217	3.688214	1.000000
3.991262	3.035725	2.329076	1.000000
3.418537	0.439564	5.599422	1.000000
2.893465	3.048135	5.613056	1.000000
1.985554	2.105766	4.025344	1.000000
0.501566	0.305349	4.761868	1.000000
1.499036	0.831068	2.174462	1.000000
1.470657	0.125087	1.413706	1.000000
2.083378	1.187048	0.395270	1.000000
5.204698	0.227303	0.944182	1.000000
4.897215	1.956151	4.357854	1.000000
2.353797	0.226239	0.010351	1.000000
4.998460	2.835881	3.822914	1.000000
1.097448	1.846680	4.629379	1.000000
1.137796	0.479497	0.441647	1.000000
2.235554	3.939153	0.771873	1.000000
1.236143	1.302283	1.195666	1.000000
1.195000	2.858178	1.495302	1.000000
1.314843	5.476052	2.477407	1.000000
5.070766	4.930083	5.577586	1.000000
4.277298	3.640459	4.557388	1.000000
0.207731	5.056885	4.898517	1.000000
3.570413	3.736639	2.952574	1.000000
1.000599	3.514036	2.994068	1.000000
5.149270	2.660929	2.168987	1.000000
1.701923	4.659960	1.416651	1.000000
4.519202	0.061428	3.072071	1.000000
0.720697	4.417875	1.838768	1.000000
0.729802	2.938787	4.879636	1.000000
2.988217	5.213686	5.535857	1.000000
0.490379	3.432815	2.135487	1.000000
5.473564	3.095040	4.776108	1.000000
2.486915	0.461110	3.846928	1.000000
2.330260	5.459806	1.902044	1.000000
3.655689	2.627272	1.452017	1.000000
0.288615	2.460640	2.596690	1.000000
0.354165	5.403831	1.452023	1.000000
1.212653	0.914624	4.256685	1.000000
5.714550	3.373020	3.041937	1.000000
4.712823	3.367916	1.565002	1.000000
3.106770	5.323084	2.533457	1.000000
4.278802	1.524501	2.121730	1.000000
5.715792	2.703971	1.212964	1.000000
4.194547	4.565452	0.295480	1.000000
1.811189	2.140246	1.151281	1.000000
2.813173	1.397941	4.056418	1.000000
1.322605	2.958925	4.018866	1.000000
3.622654	4.594859	1.987461	1.000000
2.060448	0.339948	4.781127	1.000000
