172
0.000000 5.747076
0.000000 5.747076
0.000000 5.747076
3.229640	5.018248	4.611876	1.000000
2.451196	1.402167	4.671526	1.000000
2.134382	4.431510	2.942342	1.000000
3.324210	2.971056	0.967983	1.000000
0.703960	2.144196	1.870109	1.000000
3.055460	0.851709	3.066261	1.000000
2.409841	5.504662	4.212845	1.000000
1.554185	1.697462	4.224483	1.000000
1.778954	2.171132	2.490527	1.000000
0.636202	1.638778	0.123650	1.000000
1.024558	1.362495	2.488974	1.000000
1.233863	4.625955	5.402391	1.000000
2.169860	4.664261	4.952180	1.000000
4.778654	4.253328	3.183053	1.000000
2.647908	4.490480	1.348158	1.000000
0.552707	0.620201	1.935447	1.000000
3.305025	4.160007	5.354479	1.000000
1.157111	0.500365	5.471942	1.000000
3.514249	3.982481	0.942338	1.000000
3.430586	0.121726	3.781523	1.000000
3.238493	2.918123	2.830667	1.000000
5.104949	2.156829	0.538534	1.000000
1.924727	1.501967	3.231491	1.000000
0.828545	3.487128	5.347287	1.000000
0.347359	2.408253	0.860573	1.000000
3.815796	4.900477	1.510524	1.000000
4.554113	5.444859	2.231521	1.000000
4.219965	1.446436	0.121129	1.000000
3.601597	1.510864	2.514529	1.000000
4.524404	1.174476	2.904201	1.000000
0.776228	4.515870	1.460602	1.000000
1.959065	5.185474	0.434107	1.000000
1.680418	3.285549	2.014233	1.000000
3.560747	1.312135	4.884691	1.000000
5.557253	1.619146	1.560232	1.000000
2.665732	2.754696	3.892342	1.000000
2.665761	5.545639	5.320525	1.000000
3.910735	5.135885	3.251439	1.000000
3.552267	0.035458	1.917860	1.000000
3.166229	0.738462	5.617924	1.000000
0.712982	4.377012	4.086496	1.000000
4.212733	2.112145	1.043904	1.000000
5.433600	1.153358	0.458147	1.000000
1.497433	4.326728	0.756983	1.000000
4.288005	0.628070	4.702092	1.000000
4.282544	0.396650	0.175232	1.000000
3.348081	2.309975	0.036502	1.000000
3.526673	0.308868	0.851342	1.000000
5.110703	2.658002	3.076523	1.000000
4.192132	5.420510	4.313324	1.000000
5.232617	5.204875	1.507043	1.000000
5.245693	0.111732	0.302093	1.000000
2.497743	4.275140	0.272403	1.000000
2.998195	4.886114	3.602216	1.000000
2.625366	0.479525	2.049238	1.000000
0.801384	1.207390	4.672920	1.000000
0.208333	0.606125	4.072523	1.000000
2.599270	1.846565	1.292925	1.000000
4.709366	0.322664	3.487920	1.000000
3.085366	1.667891	3.750794	1.000000
4.869656	3.368883	2.410809	1.000000
4.412136	4.345216	2.246871	1.000000
0.791363	1.375813	1.094216	1.000000
1.411398	5.049877	3.520370	1.000000
3.351341	1.460477	0.667955	1.000000
4.350666	2.411982	5.464106	1.000000
5.507194	1.847380	2.536478	1.000000
4.410223	5.733000	1.237287	1.000000
1.992478	4.203481	4.020201	1.000000
4.931942	1.265959	4.138497	1.000000
4.569859	3.384155	3.700374	1.000000
2.359561	5.097307	2.165038	1.000000
2.515805	3.585781	2.552134	1.000000
3.943821	1.100415	3.744430	1.000000
2.440640	0.831180	1.123926	1.000000
1.844760	3.393511	3.370729	1.000000
2.791485	2.000225	2.851966	1.000000
3.790353	3.273361	5.420052	1.000000
2.408082	1.430245	0.151154	1.000000
2.518933	3.676524	4.800242	1.000000
0.032286	0.830708	2.903015	1.000000
5.632431	5.582913	3.493629	1.000000
0.945780	2.205432	4.895178	1.000000
1.598528	2.574157	5.572851	1.000000
3.747721	2.706836	3.882180	1.000000
3.362042	0.979279	1.589926	1.000000
5.251093	4.020913	0.295582	1.000000
5.375953	3.581635	5.144591	1.000000
2.949419	0.501249	4.664212	1.000000
2.433260	2.527447	0.521303	1.000000
5.631151	4.024089	1.615336	1.000000
0.956472	5.245765	0.404670	1.000000
4.599437	3.086648	0.703818	1.000000
5.738334	4.587741	3.383944	1.000000
4.412101	4.417838	5.020561	1.000000
3.193854	2.709099	4.799811	1.000000
1.012216	3.161547	0.535479	1.000000
0.271359	5.438957	5.272081	1.000000
0.047382	1.831473	4.311904	1.000000
4.207477	4.087354	0.222454	1.000000
4.456691	4.154493	1.246372	1.000000
5.685555	4.967332	0.497217	1.000000
0.787201	3.899054	2.321640	1.000000
0.027799	0.664960	5.156265	1.000000
4.530906	1.018256	0.971538	1.000000
2.523370	2.678318	1.986338	1.000000
0.517026	4.090094	0.346887	1.000000
4.035467	4.379058	3.927949	1.000000
0.856137	0.010895	2.699277	1.000000
0.606342	1.460561	3.566041	1.000000
4.346794	2.035277	3.411048	1.000000
5.606944	5.693854	2.353873	1.000000
5.433287	3.752652	4.057539	1.000000
1.560642	1.866816	0.641857	1.000000
4.939941	1.273738	5.176537	1.000000
5.018969	2.591147	1.582973	1.000000
1.796384	3.577855	5.702149	1.000000
0.444664	3.028311	4.386885	1.000000
5.015338	4.685096	4.231814	1.000000
5.204814	0.054825	4.503912	1.000000
4.795206	0.713538	1.993079	1.000000
3.609827	3.619832	4.495078	1.000000
3.418411	3.670320	2.099588	1.000000
2.957057	3.773988	3.645897	1.000000
4.214888	2.618475	2.593456	1.000000
3.758526	5.668776	5.199938	1.000000
2.784382	3.335638	0.004218	1.000000
1.433124	2.457066	3.488061	1.000000
0.853890	5.406346	4.326917	1.000000
1.702546	0.518273	2.464708	1.000000
1.492957	5.406957	1.698162	1.000000
1.469606	0.485594	1.033899	1.000000
5.467549	0.428970	1.257702	1.000000
4.336635	2.145335	4.496103	1.000000
2.121643	0.421732	0.198623	1.000000
5.234430	2.651644	4.103303	1.000000
1.497885	1.449278	5.358714	1.000000
0.469037	0.429862	0.473722	1.000000
2.274541	3.556705	1.198198	1.000000
1.798113	1.377946	1.805854	1.000000
0.696854	3.292922	1.483785	1.000000
1.265573	4.857878	2.521114	1.000000
5.039041	5.165855	5.258425	1.000000
4.537059	3.173973	4.755406	1.000000
0.102638	4.487936	5.003219	1.000000
3.864407	3.751992	3.078848	1.000000
0.841005	3.501853	3.561152	1.000000
0.043069	2.967151	2.203458	1.000000
1.704455	4.272463	1.774929	1.000000
3.953220	0.344433	2.791787	1.000000
0.170346	4.708234	2.314040	1.000000
0.094020	2.908587	0.027858	1.000000
3.303321	4.931419	0.399000	1.000000
1.022160	2.959859	2.719317	1.000000
5.348423	2.282389	5.157377	1.000000
2.039704	0.169215	3.362690	1.000000
2.647645	5.509390	1.153000	1.000000
3.476821	2.303182	1.741306	1.000000
0.376297	2.435509	3.457217	1.000000
0.534693	5.517169	1.386924	1.000000
1.201377	0.655681	3.854810	1.000000
5.678853	3.624556	3.004419	1.000000
4.116835	3.107155	1.637800	1.000000
2.964661	5.587762	2.803839	1.000000
4.652752	1.749865	2.011309	1.000000
5.554172	3.283342	0.939564	1.000000
4.686420	4.970964	0.455349	1.000000
1.635379	2.709386	1.175963	1.000000
2.095682	2.438073	4.677354	1.000000
1.343210	3.494922	4.437631	1.000000
3.352682	4.672787	2.478118	1.000000
1.929226	0.562949	4.836350	1.000000
