172
0.000000 5.773768
0.000000 5.773768
0.000000 5.773768
4.418876	3.120558	0.429057	1.000000
5.666180	3.627658	2.335171	1.000000
2.340812	3.796752	5.438416	1.000000
2.603986	4.610000	0.253614	1.000000
1.417675	3.899534	0.334426	1.000000
4.248584	1.087312	0.329740	1.000000
4.771769	0.754699	3.574567	1.000000
0.159104	2.742505	4.941593	1.000000
2.713094	5.014609	4.036899	1.000000
3.557623	1.749821	1.590610	1.000000
2.317617	0.244357	4.969646	1.000000
1.125864	0.171572	5.134244	1.000000
2.509221	2.646586	1.216541	1.000000
1.777023	4.732797	0.827978	1.000000
4.230770	5.417995	5.521273	1.000000
2.547333	5.735459	2.067746	1.000000
4.444515	4.280464	5.508796	1.000000
1.608788	2.113108	0.654610	1.000000
3.145845	5.486094	5.628060	1.000000
3.219776	3.293326	5.023461	1.000000
3.036976	1.944361	0.611448	1.000000
0.877392	2.052841	5.263080	1.000000
5.585834	3.814434	3.691341	1.000000
5.591092	4.799449	3.459923	1.000000
4.128709	1.068546	2.383750	1.000000
2.121036	0.699640	2.772810	1.000000
3.373177	0.181440	2.693547	1.000000
1.410780	2.598554	2.898948	1.000000
5.366783	2.483442	1.976670	1.000000
1.746974	0.817921	1.847192	1.000000
1.109772	2.992830	4.641178	1.000000
2.263547	1.625589	0.046372	1.000000
0.165522	1.760331	1.580674	1.000000
5.137104	0.568278	0.607278	1.000000
0.248348	5.607840	4.775773	1.000000
4.380077	3.283535	2.774739	1.000000
5.375116	3.167299	0.009479	1.000000
2.213776	1.195920	1.036932	1.000000
1.189980	1.290448	1.147448	1.000000
3.616378	3.756736	0.074652	1.000000
0.619652	3.075880	0.269875	1.000000
4.378610	1.173596	1.405854	1.000000
5.704689	4.472179	4.520141	1.000000
2.805876	3.042436	0.134137	1.000000
3.572260	4.756151	0.562406	1.000000
4.643179	4.210767	2.320542	1.000000
5.729388	5.215937	0.850376	1.000000
1.887021	4.697277	1.844196	1.000000
4.696951	5.457383	1.775168	1.000000
1.453958	5.700689	2.432566	1.000000
0.571885	3.916701	5.276561	1.000000
3.129095	3.268168	2.832510	1.000000
3.663702	4.971834	3.729451	1.000000
3.737376	0.029755	1.753762	1.000000
1.053225	1.695055	2.172041	1.000000
4.628353	5.280799	3.469756	1.000000
5.487742	5.718498	3.912493	1.000000
2.915352	4.135642	3.331901	1.000000
0.990338	3.883315	4.190545	1.000000
2.234298	3.917834	2.435532	1.000000
4.453203	4.483359	4.422161	1.000000
1.150523	1.356596	3.889767	1.000000
4.370837	2.286382	2.602425	1.000000
2.483020	3.591185	4.225391	1.000000
3.852236	0.423811	3.798837	1.000000
3.657114	2.593622	5.612525	1.000000
5.344313	0.461059	1.624960	1.000000
0.638126	2.607577	2.206323	1.000000
2.737942	0.280197	3.588615	1.000000
3.885233	5.058081	2.488824	1.000000
5.248949	0.795137	4.956539	1.000000
2.295621	2.741187	2.361139	1.000000
3.786022	3.795271	1.171424	1.000000
3.609463	3.975177	2.189166	1.000000
3.359587	2.183286	2.871896	1.000000
5.607073	0.841997	2.760910	1.000000
4.041453	1.470380	3.317536	1.000000
3.146399	0.870869	1.953208	1.000000
1.966812	0.620228	0.097574	1.000000
1.100519	1.157324	0.101595	1.000000
3.317098	1.011999	0.948662	1.000000
2.991445	1.876902	5.159265	1.000000
5.261296	5.710845	5.565988	1.000000
2.413910	5.227196	3.100053	1.000000
3.301929	1.860776	4.028312	1.000000
2.571687	2.754998	3.501186	1.000000
2.729640	4.926194	1.301321	1.000000
5.316478	1.708231	4.483563	1.000000
5.182419	1.937862	3.376226	1.000000
0.536443	2.628483	1.185712	1.000000
1.904498	3.551891	3.333140	1.000000
0.792166	0.360143	4.034102	1.000000
1.566292	2.669338	1.584903	1.000000
5.287721	3.565136	4.800504	1.000000
4.937223	4.092375	0.602368	1.000000
5.140035	1.383615	2.056123	1.000000
4.123803	4.189219	3.196492	1.000000
0.741985	4.874068	4.048901	1.000000
3.739977	0.101691	0.650137	1.000000
0.925009	5.090908	0.411875	1.000000
4.284363	2.078066	0.469390	1.000000
2.474835	5.743248	0.686378	1.000000
1.647568	2.342525	3.899223	1.000000
1.839863	5.238850	5.588532	1.000000
3.150203	1.157578	2.931835	1.000000
1.818347	1.641002	3.122755	1.000000
5.171688	1.548275	0.900781	1.000000
3.957388	2.514478	4.656713	1.000000
4.367399	2.546730	3.578334	1.000000
3.382167	0.855721	4.586674	1.000000
1.869297	2.012740	4.977720	1.000000
0.983357	4.949397	5.137402	1.000000
5.686504	2.721684	2.926415	1.000000
3.988806	1.686697	5.341503	1.000000
0.958303	0.896814	2.974270	1.000000
2.355872	1.698580	1.903657	1.000000
3.255154	0.984249	5.651369	1.000000
4.834143	3.384316	1.439772	1.000000
2.906131	4.648695	4.950043	1.000000
5.374359	1.733584	5.564556	1.000000
4.633853	5.352752	0.714930	1.000000
5.426039	4.304386	1.519871	1.000000
0.311323	5.744238	3.096765	1.000000
1.777179	5.238661	4.547893	1.000000
3.596490	2.737539	0.983536	1.000000
4.285376	4.640189	1.363883	1.000000
3.734733	2.817392	1.983116	1.000000
3.371621	5.610991	4.540528	1.000000
2.356180	1.386932	4.144813	1.000000
1.808235	0.605069	3.826965	1.000000
1.304122	5.504964	3.415941	1.000000
0.435078	1.893657	0.453890	1.000000
1.806759	3.701448	1.249619	1.000000
5.474554	2.792638	3.974347	1.000000
0.644419	3.934820	3.114598	1.000000
1.289584	4.692797	2.813892	1.000000
3.481734	4.093217	4.237880	1.000000
1.559025	2.954545	5.581757	1.000000
2.551184	2.647118	4.613102	1.000000
0.669772	2.947456	3.699963	1.000000
1.653830	4.248006	4.851149	1.000000
1.318932	3.441315	2.283821	1.000000
0.244513	4.127141	0.539930	1.000000
4.295028	3.427606	4.909019	1.000000
5.317284	2.541483	0.841066	1.000000
0.405942	1.137597	4.819556	1.000000
0.493968	0.839134	1.848255	1.000000
0.543029	5.572381	1.996482	1.000000
0.855328	4.684143	1.381975	1.000000
3.573081	3.086073	3.891223	1.000000
4.607516	5.635610	4.515391	1.000000
0.329287	0.552990	5.633556	1.000000
4.545447	3.498423	3.926868	1.000000
4.672344	2.523960	5.428356	1.000000
0.503585	2.094018	4.244261	1.000000
1.620951	1.010484	4.785937	1.000000
2.738091	3.800972	0.832162	1.000000
4.160147	0.636149	5.180287	1.000000
0.467714	1.792348	2.986260	1.000000
2.859714	3.438639	1.758511	1.000000
4.223891	1.408467	4.342337	1.000000
5.268410	5.167445	2.583733	1.000000
0.384948	0.454641	0.882581	1.000000
0.159199	1.253299	3.806188	1.000000
1.483031	0.040765	1.071356	1.000000
5.551927	4.603720	5.520354	1.000000
0.367190	4.567318	2.315308	1.000000
0.616584	3.633769	1.473528	1.000000
4.490297	2.312691	1.432550	1.000000
1.698537	4.499389	3.718099	1.000000
2.889208	4.780476	2.325222	1.000000
4.594027	0.178366	2.690885	1.000000
