172
0.000000 5.747712
0.000000 5.747712
0.000000 5.747712
3.070130	5.227625	5.081989	1.000000
1.078044	2.735845	0.176655	1.000000
2.607128	3.804548	4.432775	1.000000
4.474173	3.388013	0.617089	1.000000
1.916794	3.833573	1.457574	1.000000
4.554798	0.118208	1.861138	1.000000
4.340290	5.531204	3.715389	1.000000
0.192801	1.218201	3.902156	1.000000
1.532159	2.439046	3.938917	1.000000
0.513938	2.453198	4.364484	1.000000
1.364963	4.050812	3.845993	1.000000
1.395742	0.367994	4.222787	1.000000
2.035141	2.375318	5.609768	1.000000
0.111712	5.669967	2.573097	1.000000
2.208074	5.072770	0.615885	1.000000
2.499887	0.448071	2.673467	1.000000
4.041424	4.994300	5.139870	1.000000
1.132790	2.075294	5.126399	1.000000
2.799739	2.855987	1.713669	1.000000
3.095615	4.201447	3.375392	1.000000
3.824988	2.430955	3.111930	1.000000
5.564016	1.381226	0.725082	1.000000
1.132572	1.340000	4.397617	1.000000
0.510429	4.571824	4.453729	1.000000
3.685113	2.015791	4.445479	1.000000
2.994530	0.128207	1.776269	1.000000
4.583702	3.991540	1.413782	1.000000
2.582772	2.093909	3.750526	1.000000
3.127965	1.996911	2.138171	1.000000
3.701747	5.163351	1.434441	1.000000
0.647177	4.349124	0.770326	1.000000
2.223850	5.596722	5.476265	1.000000
0.803393	3.375933	1.183505	1.000000
2.786234	1.147027	4.291323	1.000000
0.793173	0.115496	1.675920	1.000000
4.365447	2.533244	2.265337	1.000000
2.571873	0.153551	4.394852	1.000000
1.291510	5.699605	2.720413	1.000000
1.722877	0.414315	0.412478	1.000000
2.101736	1.821390	4.590740	1.000000
4.891553	3.624448	4.329444	1.000000
4.107843	2.385258	0.491759	1.000000
5.284612	1.719493	2.879390	1.000000
2.416193	3.510457	5.549492	1.000000
2.637486	4.761068	1.517789	1.000000
5.503019	4.503047	2.531217	1.000000
4.731572	5.098815	1.061942	1.000000
2.795517	4.145518	0.581645	1.000000
3.470440	1.508515	3.590953	1.000000
2.526460	5.234459	2.393898	1.000000
5.635421	3.262497	3.733268	1.000000
4.184510	1.497907	2.877583	1.000000
4.120964	4.550388	0.451524	1.000000
1.705622	4.057588	0.495067	1.000000
1.647534	0.989689	2.489658	1.000000
0.321796	2.337494	3.257067	1.000000
0.042108	5.610436	5.362687	1.000000
5.196057	3.177927	1.466187	1.000000
5.244955	4.825359	4.901724	1.000000
2.114686	2.160496	2.026328	1.000000
3.071580	3.070700	3.763283	1.000000
1.815411	3.223276	2.477876	1.000000
3.775130	0.723218	1.531679	1.000000
2.247582	4.823963	4.426486	1.000000
3.328583	5.171052	0.435697	1.000000
3.517540	1.168278	0.344875	1.000000
4.215767	0.473742	2.986279	1.000000
3.278091	0.536948	3.369779	1.000000
2.115994	4.521604	3.336279	1.000000
5.213652	4.334174	3.610253	1.000000
4.174078	4.554456	3.265415	1.000000
5.606035	4.165942	1.390725	1.000000
4.795007	2.227068	1.285980	1.000000
3.389910	1.035270	2.413736	1.000000
2.978748	2.281853	0.305613	1.000000
3.289766	5.287607	3.536987	1.000000
1.092250	1.964995	1.964418	1.000000
3.091524	0.571284	5.167390	1.000000
2.053587	1.770374	0.984271	1.000000
5.597404	2.703900	5.091804	1.000000
1.840429	4.508090	2.217865	1.000000
2.304053	5.513338	3.429146	1.000000
0.188473	1.572332	4.847018	1.000000
2.660129	3.905733	2.518030	1.000000
3.111393	1.632971	5.259055	1.000000
3.576090	3.335605	2.521925	1.000000
0.979937	5.083714	3.532045	1.000000
4.293551	2.767986	4.184159	1.000000
4.862765	5.282594	2.883618	1.000000
0.014700	3.324764	0.110770	1.000000
0.950541	3.911056	2.181474	1.000000
1.298025	4.949208	5.712658	1.000000
0.049729	5.153518	1.660504	1.000000
5.631294	5.246802	3.723188	1.000000
4.623222	1.447117	0.337244	1.000000
4.446967	1.711916	3.827412	1.000000
4.615971	3.060540	5.134578	1.000000
1.335923	5.205751	4.716232	1.000000
0.638476	0.654631	0.815484	1.000000
5.100492	4.153532	0.453021	1.000000
4.418345	4.053223	5.348790	1.000000
0.351280	2.039150	0.060604	1.000000
1.620014	4.072918	4.848529	1.000000
5.030964	1.158972	4.423355	1.000000
3.862380	1.021172	4.703489	1.000000
2.567980	1.501861	2.853981	1.000000
1.006543	0.196355	5.495713	1.000000
4.835003	0.067548	4.538340	1.000000
2.117316	0.776447	3.563681	1.000000
2.715917	0.357011	0.567876	1.000000
1.549670	2.098452	2.926281	1.000000
4.599326	0.648003	0.946278	1.000000
0.617743	1.115427	2.588219	1.000000
2.367227	1.296569	0.126615	1.000000
5.093140	0.724266	2.568478	1.000000
3.560332	1.965380	1.228546	1.000000
2.427701	4.542571	5.426761	1.000000
0.259536	2.518579	0.969389	1.000000
3.488309	3.426033	4.736861	1.000000
4.898459	0.588684	5.613945	1.000000
5.454117	0.627799	1.558447	1.000000
3.658289	2.519635	5.312640	1.000000
3.667023	5.423130	2.606307	1.000000
3.546968	4.328919	2.268167	1.000000
4.607735	3.890668	2.540502	1.000000
3.915828	0.278108	5.726540	1.000000
0.916632	3.881071	5.648780	1.000000
3.575923	0.043788	4.376621	1.000000
5.186175	0.455530	3.595498	1.000000
0.823322	5.352915	0.796569	1.000000
1.036272	1.234852	0.068163	1.000000
0.092949	1.676626	1.903671	1.000000
0.892659	4.927793	2.200820	1.000000
4.865671	2.567830	3.236079	1.000000
3.422491	4.275276	5.522815	1.000000
0.784243	3.220405	3.124137	1.000000
2.734783	2.634785	4.627712	1.000000
1.523210	4.797729	1.310155	1.000000
3.404885	4.420924	4.349604	1.000000
1.442850	1.025600	1.440621	1.000000
0.217013	4.629216	5.607202	1.000000
0.462343	4.213524	3.421177	1.000000
3.349625	3.312522	0.232919	1.000000
4.497561	4.551212	4.275288	1.000000
0.117968	0.843476	5.670983	1.000000
3.968369	2.925222	1.404617	1.000000
0.433989	0.341840	3.459206	1.000000
4.715305	1.498733	1.990533	1.000000
2.397893	3.062122	0.799049	1.000000
4.148553	3.562276	3.407284	1.000000
4.937357	5.294953	0.086874	1.000000
4.507268	1.978079	5.108523	1.000000
3.423802	3.841261	1.395326	1.000000
0.828386	3.450486	4.479228	1.000000
5.254738	2.286500	4.238543	1.000000
1.194399	1.286477	3.400085	1.000000
1.949473	0.181799	1.847054	1.000000
5.121488	2.416402	0.175977	1.000000
2.078040	3.436112	3.474963	1.000000
5.567303	5.699448	0.779719	1.000000
0.474167	0.491912	4.622744	1.000000
5.601050	3.494221	2.732311	1.000000
5.406549	2.507180	2.252868	1.000000
4.433158	4.802856	2.048409	1.000000
2.539973	0.935815	1.395808	1.000000
5.689941	3.824762	4.923309	1.000000
0.559088	2.954799	2.099464	1.000000
1.455848	2.600518	1.103349	1.000000
0.895916	1.712464	0.936718	1.000000
1.788449	3.031229	4.725202	1.000000
2.704281	2.792151	2.725262	1.000000
1.767511	1.007111	5.095922	1.000000
