172
0.000000 5.744610
0.000000 5.744610
0.000000 5.744610
3.217169	5.302630	4.679826	1.000000
2.116221	1.145729	5.002154	1.000000
2.174742	3.774563	3.180353	1.000000
2.912721	3.201378	0.694353	1.000000
0.352868	1.771337	1.728462	1.000000
3.642595	0.640203	2.737798	1.000000
2.012313	5.142546	3.398105	1.000000
2.839502	2.220949	4.820823	1.000000
1.353892	2.109989	3.284987	1.000000
5.635007	2.175476	5.161859	1.000000
1.460618	1.994018	2.168601	1.000000
1.163423	5.367815	4.168562	1.000000
2.741222	4.560018	5.327436	1.000000
5.655624	4.408437	2.697255	1.000000
2.489892	3.596482	2.048027	1.000000
0.264841	0.518291	1.918447	1.000000
3.761884	4.453245	5.031143	1.000000
1.096912	1.215185	5.164732	1.000000
4.139776	4.238161	1.172938	1.000000
3.267741	5.701431	3.518326	1.000000
3.020333	2.337224	3.664587	1.000000
5.090350	2.987503	0.099864	1.000000
1.853443	1.120198	3.497261	1.000000
0.926435	4.046762	4.811223	1.000000
0.372615	1.613289	0.607450	1.000000
2.956362	4.620802	1.087087	1.000000
3.934053	0.047887	1.924284	1.000000
4.148372	1.308774	0.083635	1.000000
3.424619	1.808868	2.412662	1.000000
4.506225	1.244642	2.959409	1.000000
0.490074	3.600797	1.063210	1.000000
0.977839	5.506947	5.302824	1.000000
1.389492	3.007107	2.587411	1.000000
3.635428	1.518342	4.709001	1.000000
5.169762	1.236437	1.112803	1.000000
2.388758	2.074278	2.646301	1.000000
1.920043	4.893179	4.763756	1.000000
3.971515	4.759979	3.113149	1.000000
3.167753	5.688763	1.142518	1.000000
3.185257	1.595478	5.661690	1.000000
1.573151	4.363647	3.973945	1.000000
3.966170	1.731863	0.986690	1.000000
4.991644	2.074714	0.497578	1.000000
1.782701	4.611122	0.061826	1.000000
4.229595	0.684492	4.758560	1.000000
4.691291	0.060434	0.253776	1.000000
3.700171	2.503591	0.267596	1.000000
2.245799	5.299078	0.664818	1.000000
4.586804	2.283877	2.977690	1.000000
4.291329	5.638018	3.891370	1.000000
4.988364	4.872819	1.489196	1.000000
0.145009	5.544385	0.300993	1.000000
3.429562	4.136827	0.263932	1.000000
2.898394	4.579362	3.294662	1.000000
2.230006	0.376140	2.705285	1.000000
0.194258	1.351848	4.610231	1.000000
5.457786	0.028160	4.077083	1.000000
2.897068	1.954257	1.065743	1.000000
4.918511	4.968297	3.426645	1.000000
2.812060	1.099642	3.105278	1.000000
4.595729	3.361739	2.782237	1.000000
4.455197	4.404171	2.266285	1.000000
0.387612	0.624960	0.901941	1.000000
1.394500	0.238669	3.330366	1.000000
3.150326	1.000030	0.735235	1.000000
4.463851	2.256592	5.368235	1.000000
5.323375	1.610653	2.384419	1.000000
4.168005	5.298418	1.057723	1.000000
2.626938	4.310065	4.339697	1.000000
4.959044	0.948818	3.959334	1.000000
5.003458	3.945918	3.709156	1.000000
2.164495	4.700826	2.454852	1.000000
2.998934	3.004486	2.692602	1.000000
3.665721	0.812547	3.898496	1.000000
2.284313	0.527947	1.058949	1.000000
2.156717	2.788618	3.395607	1.000000
2.277410	1.304281	1.862143	1.000000
4.073209	3.218231	5.323220	1.000000
2.384402	2.238545	0.117894	1.000000
2.242234	3.327637	4.334071	1.000000
5.505195	0.492933	2.890233	1.000000
0.526559	5.539444	2.958687	1.000000
0.482357	2.380812	3.807227	1.000000
1.893712	2.616218	5.018093	1.000000
3.893287	2.929776	3.471953	1.000000
3.287212	0.925446	1.758171	1.000000
0.088836	3.690832	0.047152	1.000000
5.505731	4.153134	4.611038	1.000000
3.042433	0.594284	4.789846	1.000000
1.831528	2.947856	0.607703	1.000000
5.477356	4.020058	1.763072	1.000000
1.122693	5.250579	0.592945	1.000000
4.186541	3.321673	0.700467	1.000000
1.089200	4.647630	2.904272	1.000000
4.341623	5.448275	5.109309	1.000000
3.907088	2.463898	4.512400	1.000000
0.483088	2.634342	0.487333	1.000000
0.573607	4.620020	5.646976	1.000000
5.455620	1.764563	3.369091	1.000000
4.870588	3.931524	5.369169	1.000000
5.115424	3.773103	0.821234	1.000000
5.724613	4.613720	0.711178	1.000000
1.557590	3.963952	2.099689	1.000000
0.210088	0.912203	5.561749	1.000000
4.036351	0.681150	1.113541	1.000000
2.373705	2.605465	1.768734	1.000000
1.265719	3.707130	0.280079	1.000000
3.650335	4.231001	3.926167	1.000000
0.417156	0.822885	3.654864	1.000000
0.592273	1.511604	2.756624	1.000000
3.939207	1.869577	3.696748	1.000000
5.463994	5.392528	2.270664	1.000000
0.541044	4.603017	3.786732	1.000000
1.349531	2.126849	5.704625	1.000000
5.000975	1.327964	5.114551	1.000000
4.596106	2.452800	1.531560	1.000000
1.840009	3.777904	5.162314	1.000000
0.388210	3.503510	4.082587	1.000000
4.604302	4.661344	4.524212	1.000000
5.209799	0.333023	5.086691	1.000000
4.917893	0.532435	2.038613	1.000000
3.285356	3.598906	4.612307	1.000000
3.498904	3.657182	1.772696	1.000000
2.998431	3.456147	3.653008	1.000000
3.958819	2.686987	2.266422	1.000000
3.565226	0.430286	5.647564	1.000000
3.052602	3.010195	5.422868	1.000000
1.933209	2.013895	4.149442	1.000000
0.483627	0.347724	4.633641	1.000000
1.168087	0.726466	2.422800	1.000000
1.382455	0.267067	1.558536	1.000000
1.964227	1.240662	0.372158	1.000000
5.257592	0.157906	1.158756	1.000000
4.882979	2.073669	4.448495	1.000000
2.352320	0.390324	5.716851	1.000000
5.303367	2.839127	3.890068	1.000000
0.917274	2.136031	4.718274	1.000000
1.326264	0.490471	0.561138	1.000000
2.234015	3.943497	0.669813	1.000000
1.125526	1.315895	1.221883	1.000000
1.317272	2.873056	1.562756	1.000000
1.439672	5.448356	2.395826	1.000000
5.251336	4.915270	5.356218	1.000000
4.343818	3.664404	4.435334	1.000000
0.238812	5.111200	4.619659	1.000000
3.605320	3.794571	2.823880	1.000000
1.132888	3.644760	3.317282	1.000000
5.199111	2.690840	2.297004	1.000000
1.594057	4.735315	1.319669	1.000000
4.537108	0.153855	2.922695	1.000000
0.668354	4.406187	1.792180	1.000000
0.980031	3.049921	5.139222	1.000000
3.483109	5.147695	5.697206	1.000000
0.572197	3.509182	2.244410	1.000000
5.398682	3.110178	4.869643	1.000000
2.380035	0.256462	3.939790	1.000000
2.392229	5.438855	1.729353	1.000000
3.594870	2.638247	1.324134	1.000000
0.416049	2.484300	2.484862	1.000000
0.539693	5.398884	1.410736	1.000000
1.292859	0.806454	4.263943	1.000000
5.617355	3.459581	3.065759	1.000000
4.571779	3.464499	1.653477	1.000000
3.059558	5.575596	2.509094	1.000000
4.444311	1.428958	1.852755	1.000000
5.531895	2.820659	1.272164	1.000000
4.514380	4.660905	0.289771	1.000000
1.888837	1.951352	1.071706	1.000000
2.687336	1.317920	4.162248	1.000000
1.286362	2.919674	4.125557	1.000000
3.251591	4.603078	2.053776	1.000000
1.843863	0.145637	4.803861	1.000000
