172
0.000000 5.742222
0.000000 5.742222
0.000000 5.742222
3.575747	3.464497	0.370460	1.000000
2.266439	3.605675	1.321922	1.000000
3.344509	4.345414	4.770828	1.000000
4.569495	4.735707	1.985001	1.000000
0.501282	3.969700	0.637579	1.000000
3.407904	1.033956	1.119886	1.000000
4.596773	0.947716	2.812363	1.000000
5.024114	2.772955	4.902898	1.000000
0.318651	4.900653	3.821541	1.000000
1.919882	2.146300	4.677665	1.000000
1.739674	0.162706	4.698711	1.000000
0.753716	0.013207	4.483686	1.000000
1.685165	2.141019	5.736532	1.000000
0.824258	4.642140	1.337924	1.000000
2.631790	0.242829	5.213651	1.000000
2.074730	0.511253	1.786753	1.000000
5.181752	4.957331	5.714626	1.000000
0.913940	2.551709	4.792402	1.000000
2.659268	4.149293	5.587082	1.000000
3.944832	4.599889	2.803011	1.000000
3.354221	3.248467	3.950239	1.000000
5.534482	1.067821	5.399368	1.000000
0.547819	3.348526	3.340417	1.000000
4.941695	0.352411	3.628319	1.000000
4.433071	1.452017	3.679102	1.000000
2.573769	0.825820	2.631492	1.000000
3.668836	5.236633	2.017775	1.000000
2.327614	3.282467	3.557110	1.000000
3.639103	1.984852	1.393965	1.000000
3.030110	0.205732	1.704388	1.000000
5.661131	4.483690	4.676263	1.000000
1.617329	1.236667	4.989139	1.000000
0.512242	2.544138	2.079496	1.000000
3.658958	0.714710	4.997199	1.000000
0.107424	5.712199	5.402742	1.000000
4.536115	2.285122	3.095736	1.000000
3.609502	4.526957	0.156150	1.000000
1.903305	1.588913	1.624907	1.000000
1.468160	0.141454	0.827074	1.000000
2.736520	2.258944	4.085303	1.000000
0.101196	2.548132	5.443863	1.000000
3.300447	2.438580	0.521547	1.000000
1.214048	4.187609	3.588627	1.000000
1.542713	3.340831	5.044265	1.000000
3.210493	5.270289	0.928453	1.000000
5.063699	3.742632	1.888019	1.000000
0.809563	0.748678	5.405576	1.000000
2.855842	4.271670	0.858440	1.000000
3.677218	0.766404	2.332098	1.000000
2.919528	4.510490	1.901706	1.000000
0.567542	3.493231	4.366737	1.000000
4.085047	2.643379	2.231886	1.000000
3.781942	0.136868	0.330619	1.000000
1.544731	4.431115	5.559259	1.000000
0.013661	1.784525	1.622494	1.000000
0.043745	4.243027	3.080653	1.000000
5.356936	5.599679	4.400462	1.000000
4.858185	3.855995	2.926204	1.000000
4.694893	4.909518	3.488750	1.000000
1.953339	4.299524	2.057962	1.000000
4.136451	3.999624	3.788616	1.000000
1.262692	2.361523	2.788057	1.000000
2.435859	1.595658	0.653438	1.000000
2.565373	5.224427	3.838616	1.000000
3.315024	5.396701	4.752529	1.000000
3.640585	1.752936	5.614247	1.000000
5.669306	1.965520	2.852664	1.000000
2.973982	1.533125	2.003858	1.000000
1.694700	1.191290	2.986544	1.000000
4.243953	5.638702	2.894222	1.000000
5.600469	0.791488	2.799878	1.000000
3.961016	3.128556	3.126517	1.000000
4.499388	3.512262	1.066705	1.000000
2.509286	2.391322	1.516401	1.000000
2.786575	2.348141	5.371840	1.000000
2.921895	0.469922	4.192733	1.000000
5.350959	2.491131	3.780268	1.000000
2.845489	1.593274	3.298562	1.000000
1.763223	0.492129	5.678199	1.000000
0.680336	1.701926	5.741456	1.000000
2.275786	5.236958	1.313242	1.000000
2.161531	1.143835	4.038843	1.000000
4.606445	0.414057	5.474839	1.000000
3.064554	3.453166	2.015241	1.000000
3.583658	2.439013	4.592184	1.000000
3.085141	4.084280	2.830436	1.000000
1.106497	5.400550	5.443736	1.000000
4.350493	2.826613	4.016470	1.000000
0.245995	0.201887	3.620621	1.000000
5.247021	2.672940	1.782739	1.000000
2.373328	5.453778	2.436766	1.000000
1.214597	5.295748	3.608332	1.000000
0.227094	3.366152	1.445708	1.000000
4.404244	4.567091	4.582152	1.000000
3.986368	0.217076	1.346591	1.000000
4.895316	1.816375	2.210256	1.000000
4.439730	1.871791	4.709043	1.000000
2.032803	0.275807	3.303607	1.000000
4.296431	5.131776	0.763117	1.000000
5.555847	5.154904	1.190199	1.000000
4.452544	3.960067	0.128900	1.000000
3.103352	0.894579	0.075531	1.000000
0.627182	3.542866	5.472210	1.000000
5.534425	1.390725	3.673723	1.000000
4.225886	0.040765	4.391138	1.000000
2.253870	1.976457	2.564236	1.000000
0.119050	1.166238	0.748650	1.000000
0.093212	0.798132	4.441947	1.000000
3.611252	2.278355	3.586371	1.000000
1.453930	1.336318	0.547333	1.000000
0.605021	2.304448	3.621754	1.000000
0.415816	4.967065	0.324271	1.000000
0.669705	1.229771	3.197431	1.000000
2.741981	1.273153	4.891130	1.000000
0.946603	0.684684	1.558726	1.000000
1.798902	2.724989	0.860789	1.000000
2.314788	5.021506	4.989684	1.000000
5.269506	2.919342	2.755232	1.000000
2.040905	4.042147	4.359291	1.000000
5.017802	0.325858	0.838068	1.000000
0.462673	0.168544	0.782813	1.000000
4.454916	1.240894	0.468651	1.000000
4.956906	5.674555	1.870168	1.000000
3.760311	5.071177	3.821911	1.000000
3.661877	2.983153	1.329950	1.000000
2.594237	0.401619	0.794791	1.000000
1.440274	3.562216	0.427213	1.000000
3.758635	0.538913	3.603715	1.000000
1.190189	0.572538	3.760812	1.000000
2.267455	5.153501	0.294775	1.000000
0.841069	1.535050	4.400252	1.000000
0.004073	2.213502	0.640996	1.000000
1.467496	5.393238	1.894832	1.000000
5.369739	3.794865	3.913742	1.000000
2.549772	3.307927	0.391290	1.000000
2.099217	4.621605	3.042065	1.000000
2.650701	3.360567	4.823839	1.000000
1.199040	3.635990	1.401915	1.000000
2.869820	4.265633	3.835158	1.000000
1.625688	2.737491	1.894170	1.000000
0.951281	4.579680	4.732143	1.000000
1.052466	4.723454	2.634395	1.000000
3.761041	4.349990	1.367109	1.000000
5.475769	3.189856	0.443353	1.000000
5.385836	3.657850	5.205698	1.000000
4.486420	2.390341	1.044540	1.000000
0.364768	5.660240	1.869616	1.000000
5.490586	0.785862	1.722674	1.000000
0.012015	4.488856	1.926753	1.000000
3.679051	3.420729	4.967360	1.000000
4.212378	5.209741	5.427498	1.000000
4.792769	0.906343	4.585695	1.000000
4.080765	3.639704	2.143517	1.000000
4.432180	2.839413	5.723894	1.000000
5.517963	1.836037	4.697840	1.000000
1.616134	2.035889	3.687266	1.000000
1.835933	4.383959	0.838355	1.000000
5.041705	1.918794	5.662112	1.000000
1.254338	0.345487	2.587412	1.000000
0.833853	2.739680	0.442743	1.000000
3.531126	1.371610	4.180031	1.000000
5.415223	5.520049	2.796221	1.000000
4.423374	1.195036	1.553824	1.000000
3.169302	5.696877	3.033586	1.000000
0.871723	1.605998	2.161084	1.000000
5.270090	4.226071	0.923637	1.000000
1.652405	3.486138	2.762269	1.000000
0.601219	3.739426	2.390935	1.000000
1.006445	2.070954	1.218464	1.000000
1.387887	3.153806	3.901020	1.000000
2.984709	2.926895	2.868846	1.000000
3.796146	1.718746	2.662577	1.000000
