172
0.000000 5.743773
0.000000 5.743773
0.000000 5.743773
3.420673	5.064266	4.271160	1.000000
2.498596	2.341756	4.728897	1.000000
2.170484	4.379231	2.977417	1.000000
3.197672	2.692032	1.656687	1.000000
1.214037	1.626617	2.073711	1.000000
2.573177	0.761611	2.918083	1.000000
2.517750	5.588215	4.454812	1.000000
1.863390	1.889693	4.073044	1.000000
1.785014	1.643007	3.034483	1.000000
0.449802	1.918101	0.060805	1.000000
0.776691	1.402757	3.071812	1.000000
1.479650	5.212458	5.143953	1.000000
2.039643	3.890778	4.824520	1.000000
4.970051	4.532026	2.634638	1.000000
2.129184	5.036641	1.268618	1.000000
0.705690	0.899790	1.490076	1.000000
2.677952	4.341936	5.548843	1.000000
0.778715	0.089660	4.592593	1.000000
3.040930	3.982324	0.882581	1.000000
3.139509	5.675734	3.485717	1.000000
3.120007	3.300936	2.505600	1.000000
0.005667	2.776097	0.501014	1.000000
2.178216	0.841905	3.893533	1.000000
0.423667	2.981732	4.404797	1.000000
0.511904	2.799894	1.480171	1.000000
3.772937	4.743242	1.199409	1.000000
3.997632	5.167100	2.155168	1.000000
3.440265	1.294573	0.383685	1.000000
3.550053	1.154653	2.902739	1.000000
4.678719	1.146377	3.037549	1.000000
0.515122	4.733977	1.806670	1.000000
0.889147	5.720628	1.079386	1.000000
1.678101	2.296414	1.450163	1.000000
3.659368	1.481254	5.061740	1.000000
5.408257	2.162345	1.273762	1.000000
2.359882	2.594645	3.564903	1.000000
2.416566	5.649859	5.466363	1.000000
4.300071	4.960743	3.380474	1.000000
3.355980	5.652799	1.343037	1.000000
2.512175	1.158508	4.862135	1.000000
1.137265	4.358391	4.563926	1.000000
4.195270	2.010862	0.429798	1.000000
5.228818	1.295223	0.737986	1.000000
1.148650	4.226421	1.017502	1.000000
4.067837	0.520980	4.845639	1.000000
4.567075	1.291718	5.493001	1.000000
3.724475	3.285041	0.448671	1.000000
3.191772	0.546282	5.333069	1.000000
4.864797	2.372606	2.711589	1.000000
4.416059	5.615508	4.149609	1.000000
5.279526	5.008507	1.801275	1.000000
4.879412	0.424183	0.337199	1.000000
1.780926	4.734922	0.259958	1.000000
3.118323	4.758368	2.949003	1.000000
2.401354	0.337669	1.810720	1.000000
0.774423	1.038711	5.033560	1.000000
0.202883	0.822974	4.165378	1.000000
2.213657	1.419682	2.150917	1.000000
4.924303	0.768043	4.016203	1.000000
2.907740	1.530629	4.019714	1.000000
4.583430	3.364778	2.181002	1.000000
4.673199	4.199161	1.532505	1.000000
0.670924	1.833153	1.091055	1.000000
1.462373	5.315875	4.058568	1.000000
3.766309	1.819736	1.354555	1.000000
4.223676	2.429021	5.164973	1.000000
0.096562	1.841989	2.163956	1.000000
4.383030	5.674815	1.356392	1.000000
2.416028	4.550053	4.079245	1.000000
4.555556	1.754146	4.434380	1.000000
4.391923	3.369612	3.273972	1.000000
2.353299	5.196762	2.295778	1.000000
2.022967	3.443258	2.602965	1.000000
3.961342	1.119075	3.874072	1.000000
2.433346	1.461709	0.144206	1.000000
1.889460	3.636203	3.712598	1.000000
3.122105	2.071380	3.158092	1.000000
3.918111	3.658897	5.266349	1.000000
3.241806	2.309415	5.465629	1.000000
3.108624	4.075500	4.664861	1.000000
5.668717	0.854405	2.676319	1.000000
5.579486	0.062140	3.564691	1.000000
0.601894	2.018956	4.691375	1.000000
2.001467	2.769350	5.574548	1.000000
3.456847	3.022518	3.412423	1.000000
3.328164	0.860189	1.702892	1.000000
5.254962	4.530182	5.571980	1.000000
0.194516	3.437521	5.480753	1.000000
3.225001	0.576698	4.296972	1.000000
2.702891	3.007904	0.842364	1.000000
5.633615	3.924973	1.941830	1.000000
0.895053	0.018711	0.045536	1.000000
4.739826	2.882041	0.430420	1.000000
0.795605	4.184453	3.554114	1.000000
4.335707	4.752006	4.672387	1.000000
2.860887	3.158846	4.227831	1.000000
1.260427	3.147057	0.862141	1.000000
5.637728	5.550617	0.100353	1.000000
5.443260	1.451605	4.906975	1.000000
4.092118	4.640983	0.218026	1.000000
4.936293	3.885350	0.544931	1.000000
4.957204	4.957681	0.731355	1.000000
0.895232	3.842935	2.491441	1.000000
0.296308	0.898944	0.208467	1.000000
4.275817	0.967649	1.117142	1.000000
2.242292	2.467731	2.521626	1.000000
0.498196	4.842741	0.508799	1.000000
5.287364	4.461586	3.713054	1.000000
0.845372	0.097533	3.411650	1.000000
5.480143	1.580961	3.692703	1.000000
4.110186	1.955816	3.260002	1.000000
4.990745	5.641211	2.672934	1.000000
5.727611	4.088851	4.749110	1.000000
1.428046	2.116783	0.464015	1.000000
5.159698	2.106233	5.692881	1.000000
5.256840	3.216009	1.277751	1.000000
1.268752	3.885872	5.533686	1.000000
5.243309	3.485411	4.105723	1.000000
5.236908	5.188576	4.633406	1.000000
5.292392	0.415289	5.073069	1.000000
4.221561	0.586103	2.167425	1.000000
3.820764	4.003557	3.848214	1.000000
3.720910	3.611251	1.612316	1.000000
2.878398	3.837854	3.467248	1.000000
3.904117	2.578527	2.438927	1.000000
3.415667	5.255905	5.265699	1.000000
2.098553	3.803766	0.546384	1.000000
0.869502	2.176826	3.728175	1.000000
0.392584	4.964507	4.131216	1.000000
1.595337	0.677604	2.633032	1.000000
1.438752	5.627836	2.042069	1.000000
1.325076	0.976925	0.335580	1.000000
5.257132	0.795712	1.758170	1.000000
3.593986	2.302927	4.126819	1.000000
1.771731	5.701495	0.549587	1.000000
4.213786	3.150695	4.239006	1.000000
1.549984	1.703673	5.029989	1.000000
5.572806	5.733000	1.136772	1.000000
2.256720	3.506348	1.604847	1.000000
1.974669	1.176066	1.200459	1.000000
1.360071	3.154405	1.881919	1.000000
1.199859	4.962633	3.024450	1.000000
4.588673	5.419928	5.457581	1.000000
4.965490	3.497551	5.151784	1.000000
0.495434	4.850900	5.228597	1.000000
3.946407	4.079848	2.620172	1.000000
0.997271	3.199162	3.495300	1.000000
0.241092	2.821825	2.447654	1.000000
1.470805	4.596073	2.117854	1.000000
4.140225	0.245951	3.113209	1.000000
0.133135	4.995200	2.877781	1.000000
0.973339	2.804034	5.596017	1.000000
2.890867	5.034677	0.548821	1.000000
1.221419	2.451156	2.754603	1.000000
5.246119	2.532509	4.712404	1.000000
2.123709	5.655706	3.313017	1.000000
2.771243	0.321621	0.606116	1.000000
3.171123	1.756798	2.196742	1.000000
5.410462	2.606340	3.577374	1.000000
0.206112	5.713381	2.081800	1.000000
1.122168	1.211043	4.035560	1.000000
5.582582	3.653347	3.112701	1.000000
4.266257	2.710857	1.324152	1.000000
3.245962	0.030346	2.481800	1.000000
4.631409	1.684184	1.924268	1.000000
0.292368	3.704364	0.740729	1.000000
3.850455	0.168102	0.334845	1.000000
2.570342	1.977613	1.063558	1.000000
2.779440	3.327307	5.277552	1.000000
1.568701	2.848326	4.507305	1.000000
2.950584	4.560248	1.745680	1.000000
1.635984	0.631564	4.722535	1.000000
