172
0.000000 5.778070
0.000000 5.778070
0.000000 5.778070
4.517714	3.160447	0.330490	1.000000
5.591097	3.574984	2.323540	1.000000
2.495939	3.632282	5.482528	1.000000
2.485344	4.568207	0.151808	1.000000
1.213420	3.944789	0.346991	1.000000
4.221351	1.083357	0.417041	1.000000
4.893031	0.608582	3.662320	1.000000
0.224752	2.816142	4.994713	1.000000
2.635465	5.029382	3.978530	1.000000
3.548517	1.826392	1.568249	1.000000
2.285911	0.346241	4.794285	1.000000
1.213247	0.181808	5.189497	1.000000
2.527224	2.474825	1.259622	1.000000
1.831546	4.505153	0.947334	1.000000
4.135580	5.369022	5.068011	1.000000
2.343943	5.702257	1.781954	1.000000
4.416954	4.359692	5.460771	1.000000
1.697818	1.918855	0.992417	1.000000
2.982588	5.375832	5.595437	1.000000
3.379240	3.664495	4.924125	1.000000
3.427981	1.945234	0.273519	1.000000
0.972969	1.922518	5.356506	1.000000
5.438469	3.771666	3.610993	1.000000
0.225135	4.705710	3.402457	1.000000
3.893372	1.030598	2.458699	1.000000
2.242710	0.566333	2.778851	1.000000
3.151778	0.148881	2.770301	1.000000
1.393571	2.672066	2.969864	1.000000
5.324868	2.617999	2.057097	1.000000
1.722803	0.825960	1.904040	1.000000
1.529424	3.238254	4.641872	1.000000
2.186335	1.654125	0.075244	1.000000
0.233713	1.675439	1.899141	1.000000
5.216653	0.601426	0.351901	1.000000
0.284923	5.686472	4.857608	1.000000
4.740450	3.346605	2.975753	1.000000
5.487102	3.291084	5.769838	1.000000
2.266285	1.033999	1.020122	1.000000
0.912494	1.154474	1.322790	1.000000
3.475803	3.560028	0.274085	1.000000
0.565908	2.863236	0.297451	1.000000
4.273638	0.981746	1.483791	1.000000
5.580100	4.742189	4.419078	1.000000
2.641027	2.687889	0.160763	1.000000
3.656165	4.632013	0.503419	1.000000
4.613217	3.966440	2.194589	1.000000
5.527279	5.150882	1.179016	1.000000
1.961031	4.659333	1.978576	1.000000
4.885219	5.445793	1.892392	1.000000
1.549416	5.613249	2.476144	1.000000
0.658716	3.711609	5.184526	1.000000
3.329093	3.248728	2.868852	1.000000
3.756274	5.112094	3.456405	1.000000
3.903238	5.677685	1.785843	1.000000
1.184775	1.652654	2.252525	1.000000
4.710794	5.399345	3.645232	1.000000
5.775307	0.144575	3.826448	1.000000
2.929003	4.380861	3.234428	1.000000
0.846312	3.813079	4.170693	1.000000
2.433936	3.795774	2.382760	1.000000
4.564305	4.739055	4.385702	1.000000
1.217855	1.447027	3.741891	1.000000
4.524107	2.265775	2.571774	1.000000
2.364606	3.808886	4.422770	1.000000
3.925846	0.347261	3.590613	1.000000
3.420405	2.715117	5.279686	1.000000
5.279989	0.547132	1.616815	1.000000
0.573240	2.744720	2.237560	1.000000
2.817564	0.260921	3.760443	1.000000
3.971545	4.886431	2.496736	1.000000
5.050029	0.875970	4.624028	1.000000
2.301605	2.788350	2.419915	1.000000
3.935377	3.726299	1.229594	1.000000
3.604457	3.996981	2.160661	1.000000
3.064153	2.124920	2.449560	1.000000
5.588094	0.742250	2.933687	1.000000
4.070860	1.515691	3.358256	1.000000
2.976478	0.787061	1.965264	1.000000
2.168472	0.589933	0.030110	1.000000
1.296893	1.158749	0.387705	1.000000
3.238341	1.027648	0.723278	1.000000
2.920797	1.791184	5.031026	1.000000
5.517627	5.426991	0.165789	1.000000
2.313344	5.195591	2.975685	1.000000
3.208312	1.976532	3.708688	1.000000
2.552933	2.691395	3.430385	1.000000
2.781215	4.896827	1.185639	1.000000
5.145820	1.896503	4.432195	1.000000
5.374395	1.738766	3.029198	1.000000
0.625627	2.365427	1.180059	1.000000
1.837608	3.507583	3.407409	1.000000
0.929381	0.577764	4.235133	1.000000
1.434373	2.705278	1.723003	1.000000
5.425079	3.738879	4.665888	1.000000
4.869242	4.088786	0.557067	1.000000
4.900016	1.257904	2.227612	1.000000
4.044571	4.088345	3.206189	1.000000
0.820131	4.873993	4.206090	1.000000
3.702705	0.141812	0.282453	1.000000
0.788176	5.010947	0.631546	1.000000
4.468865	2.130627	0.563378	1.000000
2.597142	0.075860	0.797558	1.000000
1.792481	2.376454	4.022030	1.000000
1.819133	5.420286	0.143427	1.000000
3.046185	1.242813	2.963758	1.000000
1.888490	1.808790	3.085552	1.000000
5.247044	1.379328	1.009645	1.000000
3.816743	2.352785	4.425185	1.000000
4.558393	2.423660	3.736697	1.000000
3.280607	1.080463	4.257088	1.000000
1.939324	2.289044	5.051073	1.000000
0.924721	5.015336	5.391129	1.000000
5.671687	2.881847	3.093232	1.000000
4.122658	1.748015	5.329967	1.000000
1.264497	0.733338	2.996956	1.000000
2.135765	1.764282	1.903634	1.000000
3.113616	0.835305	5.255103	1.000000
4.859339	3.294950	1.475646	1.000000
2.706985	4.670646	4.909445	1.000000
5.136143	1.503434	5.513403	1.000000
4.639090	5.138808	0.674468	1.000000
5.388352	4.145182	1.495960	1.000000
0.390367	5.669763	2.721573	1.000000
1.799487	5.198142	4.508572	1.000000
3.643693	2.738556	0.884046	1.000000
4.132318	4.736364	1.487859	1.000000
3.871405	2.777746	1.952757	1.000000
3.225370	5.538834	4.609967	1.000000
2.260468	1.422974	4.145692	1.000000
1.827331	0.430776	3.788198	1.000000
1.195509	5.484654	3.455626	1.000000
0.319852	1.613016	0.534715	1.000000
1.707631	3.517957	1.150363	1.000000
5.359643	2.848560	4.160649	1.000000
0.730649	3.727688	3.121611	1.000000
1.215172	4.651262	2.780030	1.000000
3.624962	4.363753	4.247746	1.000000
1.699229	3.066733	5.715476	1.000000
2.743041	2.773505	4.472559	1.000000
0.815493	2.831169	3.806976	1.000000
1.700248	4.345660	5.240999	1.000000
1.309769	3.802759	2.250728	1.000000
0.258307	4.094328	0.605452	1.000000
4.342430	3.376142	5.034911	1.000000
5.412894	2.370015	0.857243	1.000000
0.346818	1.182251	4.945233	1.000000
0.561472	0.786356	2.250272	1.000000
0.737950	5.654082	1.760107	1.000000
0.938861	4.528378	1.506597	1.000000
3.229637	3.455103	3.914609	1.000000
5.052453	5.568549	4.712354	1.000000
0.395113	0.496473	5.691612	1.000000
4.418283	3.491761	4.002447	1.000000
4.984991	2.535370	5.296370	1.000000
0.539418	1.996730	4.376242	1.000000
1.569874	1.086577	4.880338	1.000000
2.695760	3.887073	0.914995	1.000000
4.177094	0.632540	5.194640	1.000000
0.611510	1.975180	3.119397	1.000000
3.000296	3.259077	1.745954	1.000000
4.246179	1.446026	4.378218	1.000000
4.913970	4.736280	2.865574	1.000000
0.221852	0.226430	0.955767	1.000000
0.088195	1.139808	3.879334	1.000000
1.310899	0.128887	0.974965	1.000000
5.472558	4.380627	5.528011	1.000000
0.147539	4.910871	2.116746	1.000000
0.410247	3.358035	1.333661	1.000000
4.559152	2.147238	1.576362	1.000000
1.820573	4.476293	3.736729	1.000000
2.985445	4.839574	2.188279	1.000000
4.382715	0.084156	2.699065	1.000000
