172
0.000000 5.740462
0.000000 5.740462
0.000000 5.740462
3.150762	4.816589	4.992735	1.000000
1.531673	2.500004	1.212412	1.000000
2.430996	3.651870	4.677682	1.000000
4.346638	3.770954	1.062582	1.000000
1.916723	3.595826	1.715865	1.000000
4.330591	0.913141	2.036604	1.000000
4.718545	0.178353	4.129595	1.000000
0.445521	1.674424	3.485244	1.000000
2.023546	3.368142	3.742954	1.000000
1.357822	2.397369	3.690778	1.000000
1.507828	4.171221	3.424264	1.000000
1.173306	0.180600	4.439482	1.000000
1.872186	2.485316	5.637824	1.000000
0.040650	0.123796	2.160837	1.000000
1.850770	5.567445	0.585171	1.000000
2.647125	0.476353	2.407781	1.000000
4.036689	5.325308	4.601970	1.000000
1.006797	2.100601	4.677446	1.000000
3.052505	3.282266	1.435549	1.000000
3.513868	4.265949	2.949493	1.000000
4.069843	2.824452	3.374582	1.000000
0.005751	1.099038	0.763701	1.000000
0.926832	1.049725	4.991426	1.000000
0.397631	4.202947	3.951885	1.000000
3.951147	2.289940	4.445704	1.000000
3.509204	0.215098	1.884850	1.000000
4.866044	4.538242	1.614214	1.000000
2.313276	2.037232	3.921816	1.000000
3.377038	2.311535	2.359787	1.000000
4.072458	0.443582	0.962308	1.000000
0.672860	3.997960	0.390765	1.000000
2.416420	5.475715	5.307577	1.000000
0.836957	3.747154	1.350426	1.000000
3.186798	1.190904	4.183218	1.000000
0.501445	0.849221	1.646272	1.000000
4.376568	3.065495	2.388371	1.000000
2.952230	5.578477	4.374085	1.000000
1.464446	0.198153	3.114243	1.000000
1.561768	0.723046	1.001380	1.000000
1.878493	1.590260	4.751870	1.000000
5.052908	3.759193	4.084745	1.000000
4.082699	2.117126	0.584327	1.000000
5.221812	2.033310	3.486876	1.000000
2.808234	3.252023	5.659088	1.000000
2.856495	5.310611	1.405687	1.000000
5.475438	4.889141	2.422419	1.000000
5.543613	5.266372	1.342574	1.000000
2.587459	4.119903	0.988197	1.000000
3.032121	1.889031	3.232509	1.000000
2.688236	5.201224	2.455021	1.000000
0.328605	2.919610	4.062736	1.000000
4.161686	1.834044	3.192441	1.000000
4.168243	5.104482	0.877035	1.000000
1.719542	3.503703	5.392883	1.000000
1.426184	0.799666	2.299129	1.000000
0.314389	2.663980	2.737348	1.000000
0.364406	5.511695	4.984035	1.000000
5.115485	3.599626	1.949694	1.000000
5.403585	4.612262	4.565380	1.000000
2.313255	2.646741	1.957231	1.000000
3.093685	2.796967	3.663584	1.000000
1.740217	3.452813	2.754637	1.000000
3.573029	1.283567	1.270281	1.000000
2.308026	4.500589	3.973299	1.000000
3.010335	4.987061	0.407195	1.000000
3.683094	1.098886	0.102361	1.000000
4.245982	0.823872	3.064878	1.000000
2.893676	0.073593	3.298648	1.000000
1.794323	4.962298	2.838842	1.000000
5.023127	4.708613	3.645044	1.000000
4.552350	4.570524	2.741096	1.000000
5.532301	3.989868	1.083511	1.000000
5.094180	2.752950	1.283110	1.000000
3.324438	1.265529	2.431688	1.000000
2.933691	2.278951	0.219348	1.000000
3.500553	5.031492	3.724223	1.000000
0.596502	1.800906	2.066287	1.000000
3.170185	0.475818	5.215347	1.000000
2.216705	1.725826	0.733406	1.000000
5.644953	2.722391	5.190937	1.000000
2.088141	4.622461	1.796152	1.000000
2.066585	5.523105	3.885042	1.000000
0.031650	1.898712	4.491129	1.000000
2.957750	4.198521	2.061450	1.000000
3.381330	1.826713	5.176944	1.000000
3.273967	3.313895	2.602327	1.000000
1.177831	4.933626	4.021518	1.000000
3.839108	3.274502	4.299385	1.000000
5.011169	5.659204	2.990846	1.000000
5.698624	3.160178	0.414066	1.000000
1.279020	4.200532	2.206642	1.000000
1.233343	5.059526	5.715584	1.000000
0.678106	4.743876	1.338094	1.000000
5.721860	5.397053	3.982356	1.000000
4.700368	1.362556	0.942512	1.000000
4.194778	1.320695	4.087489	1.000000
4.645212	3.298779	4.935296	1.000000
1.766601	4.870077	4.833425	1.000000
0.588805	0.485143	0.075491	1.000000
5.110500	4.739112	0.542619	1.000000
4.641881	3.940487	0.083665	1.000000
5.312656	2.094225	0.432385	1.000000
1.305607	3.880208	4.427974	1.000000
5.109534	1.212140	4.829566	1.000000
4.142212	0.648948	4.836847	1.000000
2.417615	1.688613	2.271164	1.000000
1.569292	0.400738	5.405301	1.000000
5.110958	0.079634	5.090873	1.000000
2.378425	0.876773	3.641157	1.000000
3.082890	0.338048	0.631530	1.000000
1.446028	2.021869	2.612724	1.000000
5.113297	0.166720	0.555045	1.000000
0.554592	0.840340	2.882956	1.000000
2.573452	1.205709	5.619241	1.000000
5.218804	1.314547	2.584792	1.000000
2.969818	2.137489	1.314828	1.000000
2.318232	4.353617	5.523592	1.000000
0.445659	2.812549	1.476109	1.000000
3.397622	3.832282	5.019097	1.000000
4.839652	0.976247	0.029132	1.000000
5.205265	0.671870	1.543130	1.000000
3.702357	2.857121	5.259988	1.000000
3.961236	5.606256	2.829296	1.000000
3.779769	4.931456	2.056992	1.000000
4.048242	3.966569	2.086683	1.000000
3.950420	5.727397	0.018282	1.000000
1.014447	3.042665	0.249650	1.000000
3.736709	0.283528	3.915280	1.000000
5.215233	0.858064	3.537534	1.000000
0.691255	0.010887	1.014208	1.000000
1.389592	1.369963	0.237942	1.000000
5.416421	1.736019	1.598226	1.000000
0.973456	5.444174	2.191617	1.000000
5.154700	3.087499	3.264933	1.000000
3.430672	4.043197	0.291071	1.000000
0.921929	3.285098	3.335370	1.000000
2.864595	2.659592	4.659154	1.000000
1.520768	4.414200	0.748492	1.000000
3.234362	3.999367	3.880805	1.000000
1.569231	1.546558	1.634140	1.000000
0.742339	4.373990	5.165086	1.000000
0.692318	4.558440	2.981576	1.000000
3.774799	3.106219	0.490093	1.000000
4.093892	4.306086	4.411672	1.000000
0.348893	1.779816	5.548536	1.000000
3.977653	2.772303	1.416254	1.000000
0.532233	5.570444	3.142363	1.000000
4.258890	1.917919	1.853388	1.000000
1.996769	3.330797	0.605479	1.000000
4.247567	3.803113	3.490869	1.000000
4.675920	4.853057	5.383998	1.000000
4.604716	2.079628	5.192276	1.000000
3.535814	4.402243	1.219829	1.000000
0.891450	3.093540	4.910605	1.000000
5.022526	2.563218	4.351848	1.000000
1.408342	1.184250	3.441016	1.000000
1.952424	5.641327	1.678884	1.000000
4.691131	2.906355	0.126137	1.000000
2.554647	4.037642	3.120305	1.000000
0.265978	5.117945	0.241676	1.000000
0.220402	0.692002	4.294927	1.000000
5.431350	4.026046	2.959458	1.000000
5.139458	2.375164	2.385838	1.000000
4.726637	5.592432	1.959169	1.000000
2.608070	1.086764	1.462995	1.000000
5.540037	3.811542	5.269619	1.000000
0.502009	3.602821	2.435989	1.000000
1.217585	2.883309	2.113595	1.000000
0.654238	1.900317	0.848193	1.000000
1.825526	2.689936	4.591189	1.000000
2.379527	2.647126	2.970340	1.000000
2.328161	0.622571	4.683119	1.000000
