172
0.000000 5.759394
0.000000 5.759394
0.000000 5.759394
3.972091	4.664220	3.106987	1.000000
4.221587	1.481967	4.975119	1.000000
3.049661	4.055776	4.292859	1.000000
1.605875	2.859917	2.439945	1.000000
5.496376	1.434841	1.600049	1.000000
2.679641	5.623003	2.963647	1.000000
3.147942	5.040373	3.838893	1.000000
0.899948	3.515915	5.276428	1.000000
0.818113	2.212381	2.700779	1.000000
0.464218	2.743124	0.045003	1.000000
1.130159	3.093478	3.303062	1.000000
0.472923	0.762786	3.801498	1.000000
1.246550	2.475848	5.171964	1.000000
5.591111	4.041476	2.013249	1.000000
3.470741	3.151135	1.344006	1.000000
1.432921	0.353368	5.352199	1.000000
3.395581	3.971007	0.640707	1.000000
1.224914	1.978244	4.295913	1.000000
2.374372	4.908721	1.755108	1.000000
2.399840	0.754881	4.705795	1.000000
3.327257	2.732552	3.137952	1.000000
0.351942	3.299938	1.386770	1.000000
3.133316	1.242148	4.231204	1.000000
5.327269	4.025878	5.714764	1.000000
1.671236	2.251892	3.323594	1.000000
3.593149	5.540279	2.389176	1.000000
5.517208	5.673253	3.306848	1.000000
4.540408	2.951831	0.703020	1.000000
4.828010	4.808902	4.822103	1.000000
4.855549	5.700128	1.759845	1.000000
1.011562	5.621904	1.815978	1.000000
0.992642	5.253534	0.796495	1.000000
2.157294	2.090438	2.083514	1.000000
4.206871	5.136100	5.588368	1.000000
4.406430	2.991912	3.406988	1.000000
1.691314	2.876359	4.205288	1.000000
5.532639	5.260863	5.426533	1.000000
4.779393	0.251731	3.893293	1.000000
4.389732	0.860421	1.219830	1.000000
2.390774	1.128729	0.922277	1.000000
1.720638	4.868062	4.174211	1.000000
3.425503	2.463632	4.964934	1.000000
4.738817	1.791229	0.757653	1.000000
1.343847	4.140448	0.511200	1.000000
0.754555	5.653682	4.756416	1.000000
4.303674	1.093971	0.157759	1.000000
4.338323	3.955210	0.277395	1.000000
4.646700	0.156289	0.360110	1.000000
0.676399	4.338402	1.332746	1.000000
4.187957	5.082240	4.030623	1.000000
0.090281	0.177619	2.222488	1.000000
0.760814	4.331833	4.576009	1.000000
2.658705	0.026942	0.860564	1.000000
2.123569	4.157705	3.461019	1.000000
2.506499	0.240046	1.926180	1.000000
0.424612	1.843702	5.055730	1.000000
1.566201	0.223244	2.632676	1.000000
1.031521	1.188485	0.160953	1.000000
4.997520	4.843380	0.524609	1.000000
3.515648	0.719808	5.138363	1.000000
4.575548	2.033849	1.803184	1.000000
5.270373	4.857068	2.744280	1.000000
4.895697	3.021759	1.725982	1.000000
5.533557	4.092801	4.733691	1.000000
3.417522	1.142680	0.875310	1.000000
3.176317	2.203895	2.135517	1.000000
0.800710	1.569497	1.897947	1.000000
5.263528	2.927870	5.467592	1.000000
2.416007	5.588703	4.299715	1.000000
5.424429	0.971244	4.513465	1.000000
4.811265	1.800576	4.103066	1.000000
3.610100	0.189415	3.370235	1.000000
1.026331	2.567056	1.596004	1.000000
2.523001	4.816657	4.937119	1.000000
2.144781	1.526612	3.883214	1.000000
1.096456	4.951653	5.468979	1.000000
4.110499	1.009159	4.054798	1.000000
3.505669	3.000218	0.291182	1.000000
2.707543	2.141787	1.122841	1.000000
3.638256	3.138424	4.178287	1.000000
0.084167	2.334492	2.011564	1.000000
5.606424	5.599090	4.336645	1.000000
0.145547	1.716753	3.889928	1.000000
2.403010	0.971189	5.689389	1.000000
4.284642	3.999836	3.953342	1.000000
3.579202	5.733352	0.366724	1.000000
4.866607	0.240794	5.024599	1.000000
5.624382	2.576932	0.846922	1.000000
3.551519	0.030507	4.388821	1.000000
0.406490	3.666298	0.433337	1.000000
0.356452	4.881327	2.152524	1.000000
1.329908	0.908086	4.380728	1.000000
3.051452	4.120144	1.680126	1.000000
0.090671	3.553447	3.718800	1.000000
4.435677	3.763717	4.979647	1.000000
2.640246	3.205183	4.742923	1.000000
1.611929	1.765988	1.294223	1.000000
0.233388	4.656704	0.376953	1.000000
0.063036	1.186726	2.822031	1.000000
4.241914	5.235853	1.071177	1.000000
1.758688	3.815005	4.548227	1.000000
4.939860	4.696073	1.621799	1.000000
0.289007	4.193830	2.967587	1.000000
4.220436	2.287955	5.719360	1.000000
3.702127	2.117809	1.259533	1.000000
4.130515	2.727783	2.463072	1.000000
1.357793	3.596145	1.684320	1.000000
5.012690	3.376702	4.239279	1.000000
1.847691	4.954832	2.868406	1.000000
4.802591	0.907837	2.284893	1.000000
3.135454	0.831174	2.695447	1.000000
1.546509	0.800844	1.707455	1.000000
5.547591	2.433193	4.513009	1.000000
5.714087	1.703744	0.345611	1.000000
0.822208	2.044352	0.742400	1.000000
4.209721	3.861360	1.354845	1.000000
2.399293	3.103037	0.738270	1.000000
5.419157	3.268478	2.625565	1.000000
5.193325	4.735145	3.893773	1.000000
1.480303	0.164042	3.682759	1.000000
4.492585	5.520447	3.020394	1.000000
3.025609	3.719782	3.349721	1.000000
2.157565	4.067293	1.115780	1.000000
2.254239	3.065478	3.320937	1.000000
2.898984	1.784445	3.168421	1.000000
2.436362	0.593391	3.631652	1.000000
1.715329	2.033242	0.261397	1.000000
0.110955	2.576934	3.333962	1.000000
0.576975	0.847549	5.054991	1.000000
3.532892	4.869224	4.821101	1.000000
0.758299	0.886580	1.074311	1.000000
5.380106	0.836994	5.642708	1.000000
5.575995	0.519249	1.018748	1.000000
4.932232	1.087156	3.278335	1.000000
2.087844	5.026592	0.526643	1.000000
4.379327	2.626579	4.707762	1.000000
2.629496	2.602323	5.567712	1.000000
0.407147	0.185840	0.203653	1.000000
2.553240	3.022071	1.929392	1.000000
3.603829	0.239181	1.371942	1.000000
1.414437	4.667898	1.992475	1.000000
2.901769	4.611364	2.597361	1.000000
2.452418	4.176189	0.047701	1.000000
3.312354	3.848588	5.359843	1.000000
2.749141	0.053291	5.446798	1.000000
3.223369	4.969089	1.135291	1.000000
1.099849	4.155195	3.572823	1.000000
0.643004	3.386133	2.427656	1.000000
2.171749	3.822570	2.403931	1.000000
0.612444	5.105228	3.871889	1.000000
0.708727	5.466170	2.939982	1.000000
1.336615	3.115183	0.777868	1.000000
3.213598	4.838349	0.061893	1.000000
2.678074	2.385830	4.092105	1.000000
5.172871	1.743603	5.257552	1.000000
1.615641	1.493051	5.167583	1.000000
1.693655	0.428820	0.616270	1.000000
3.738290	2.009190	4.000969	1.000000
4.965492	2.226152	3.045728	1.000000
0.024237	5.169417	1.214047	1.000000
1.358168	1.117561	3.295100	1.000000
3.944214	1.897655	3.016484	1.000000
4.539181	3.763485	2.675403	1.000000
2.081749	1.131677	2.509934	1.000000
3.785553	1.230688	1.990446	1.000000
5.302019	3.904994	1.024889	1.000000
3.934871	4.573113	2.046097	1.000000
1.807255	3.221366	5.642812	1.000000
3.285773	1.994463	0.309283	1.000000
0.661437	3.006442	4.399272	1.000000
3.520098	3.524839	2.452323	1.000000
2.584101	1.734552	5.005215	1.000000
