172
0.000000 5.719096
0.000000 5.719096
0.000000 5.719096
2.055614	2.981588	5.070743	1.000000
2.837269	1.991463	2.458382	1.000000
2.661106	4.930362	0.452869	1.000000
0.048526	3.928153	3.961697	1.000000
4.036465	3.405591	2.003306	1.000000
3.506972	4.469064	2.344304	1.000000
3.535057	2.819072	2.646063	1.000000
3.666660	1.483852	1.433439	1.000000
4.552678	1.973997	3.164386	1.000000
3.194601	1.201378	4.225334	1.000000
4.791417	1.795132	0.875445	1.000000
5.462484	5.559821	1.045788	1.000000
1.755909	0.517000	3.925720	1.000000
2.207080	4.770153	2.224827	1.000000
2.788489	2.081554	0.484364	1.000000
1.173538	4.046722	5.309167	1.000000
2.425960	4.161190	1.090411	1.000000
3.545562	2.057408	3.345538	1.000000
0.322255	0.000442	2.850891	1.000000
5.536220	1.699756	3.350245	1.000000
4.321034	5.222780	4.510159	1.000000
0.695293	2.597883	3.754449	1.000000
1.648274	0.306534	5.044269	1.000000
3.923458	1.935440	4.275932	1.000000
3.173680	0.731981	2.113671	1.000000
3.614765	5.676794	3.535589	1.000000
1.179022	0.473297	2.047921	1.000000
1.089082	4.068919	2.217974	1.000000
3.572523	4.636666	5.353349	1.000000
4.921734	4.711183	3.518381	1.000000
1.568632	5.677042	0.365971	1.000000
1.513222	5.044673	1.416691	1.000000
2.789383	0.766421	3.385728	1.000000
1.725881	4.516606	0.294848	1.000000
0.831549	3.152703	2.620188	1.000000
5.636686	2.228278	0.525951	1.000000
2.621472	2.770099	3.134610	1.000000
2.963656	5.420436	5.200668	1.000000
5.099181	0.826510	2.946584	1.000000
2.921042	5.111305	1.474065	1.000000
2.915254	3.560730	4.847329	1.000000
2.903137	0.203542	4.210248	1.000000
3.847751	1.221709	0.292314	1.000000
5.589365	1.092545	0.134437	1.000000
3.449527	5.627484	0.354436	1.000000
2.378595	1.821070	5.265837	1.000000
3.439783	4.036864	0.812378	1.000000
0.550313	5.452625	1.677979	1.000000
1.941882	0.196738	2.967838	1.000000
4.241175	3.226116	1.032172	1.000000
3.835767	0.545026	1.052597	1.000000
0.110007	5.162660	3.747044	1.000000
1.670442	2.188059	0.260036	1.000000
4.321770	2.811938	3.788734	1.000000
2.173280	1.308303	4.418692	1.000000
4.266460	4.454826	0.336570	1.000000
5.459335	1.528848	2.257466	1.000000
5.592768	1.147656	1.213590	1.000000
4.895485	4.850963	2.032815	1.000000
2.499448	0.152638	0.953565	1.000000
4.894340	4.207149	4.460329	1.000000
1.975197	5.185669	4.229301	1.000000
0.465914	3.367773	1.641565	1.000000
0.826913	2.663339	0.665019	1.000000
4.747144	1.159371	3.904928	1.000000
0.689589	1.528018	0.721865	1.000000
5.654830	0.516773	2.024295	1.000000
4.852932	2.996089	5.052426	1.000000
1.267120	5.099301	2.409609	1.000000
2.986292	2.763367	5.454594	1.000000
1.350814	1.215248	0.039464	1.000000
4.548548	4.048661	2.635680	1.000000
2.234688	2.818287	2.108518	1.000000
1.659250	0.712681	1.094077	1.000000
0.565357	1.063380	2.665958	1.000000
5.117454	3.695318	1.767667	1.000000
4.631567	2.203514	1.807614	1.000000
3.455731	2.515533	1.591948	1.000000
5.706615	4.772729	2.734319	1.000000
4.615404	1.947746	5.342027	1.000000
2.709133	3.840156	3.748001	1.000000
2.545223	1.776735	3.491736	1.000000
3.339739	0.745064	5.236590	1.000000
0.697218	0.368154	5.638749	1.000000
4.386299	4.281379	1.385252	1.000000
2.779483	1.126370	0.908390	1.000000
4.584620	2.943001	2.801620	1.000000
2.891437	3.473116	1.695758	1.000000
1.943556	3.643558	2.728191	1.000000
2.536076	2.078038	1.492337	1.000000
1.005177	1.187566	4.576309	1.000000
4.215241	0.565892	2.437403	1.000000
0.978575	4.315114	0.965402	1.000000
4.949063	2.151156	4.367647	1.000000
5.336771	2.844161	3.512897	1.000000
0.000375	2.778051	4.566836	1.000000
0.718534	1.376972	1.723641	1.000000
0.639208	5.327695	0.594609	1.000000
5.256285	5.492137	0.048344	1.000000
3.848220	5.431845	1.797100	1.000000
0.626516	2.991891	5.390299	1.000000
3.771683	1.564004	2.473586	1.000000
1.014838	4.706925	4.248921	1.000000
2.564212	3.588047	0.160390	1.000000
3.431029	1.859716	5.297342	1.000000
5.054055	5.563631	2.742242	1.000000
1.699478	2.118350	4.023798	1.000000
3.871122	2.799958	4.917936	1.000000
0.966376	5.092491	5.263921	1.000000
4.654940	0.570182	0.457349	1.000000
1.358723	3.327753	3.494772	1.000000
0.673869	0.548397	0.978991	1.000000
5.065034	4.522511	5.425993	1.000000
0.015994	0.805310	4.839073	1.000000
5.192398	5.667255	4.775253	1.000000
4.807969	3.717825	3.569554	1.000000
1.258951	2.156303	4.939378	1.000000
3.241771	3.054154	0.717312	1.000000
1.724436	3.610340	1.595963	1.000000
0.803235	1.377216	3.609929	1.000000
3.918051	0.502737	4.426459	1.000000
3.298346	2.934883	3.873219	1.000000
1.969752	3.917398	4.498847	1.000000
0.240340	3.498137	0.560504	1.000000
3.109017	4.723261	4.339799	1.000000
2.281753	0.720013	0.098692	1.000000
4.012850	2.290954	0.374747	1.000000
1.613270	2.433027	3.040730	1.000000
0.401575	4.420038	0.105120	1.000000
2.103710	0.105885	1.923300	1.000000
2.316320	2.904398	4.081434	1.000000
4.696024	0.077318	3.756322	1.000000
2.559363	4.397045	5.286051	1.000000
0.171354	4.602057	4.816645	1.000000
4.726049	0.509643	1.516763	1.000000
4.205609	5.004170	2.828911	1.000000
0.411121	1.840928	5.398589	1.000000
0.191637	4.401657	1.713323	1.000000
1.616836	1.747015	1.170341	1.000000
1.513393	1.787876	2.206693	1.000000
1.747216	1.225397	3.153933	1.000000
1.831490	4.402053	3.611164	1.000000
3.994268	3.720858	5.422487	1.000000
4.400685	5.308295	0.971011	1.000000
0.658786	5.652107	4.488605	1.000000
3.033655	5.408755	2.547478	1.000000
4.247078	5.582662	5.457692	1.000000
5.224079	4.599807	0.706731	1.000000
2.730728	5.111779	3.454154	1.000000
0.024995	0.697434	3.776620	1.000000
0.050988	3.775134	2.844034	1.000000
0.964420	3.383396	4.497389	1.000000
3.963243	4.573357	3.770338	1.000000
2.953067	3.632239	2.697546	1.000000
3.827033	3.713812	4.391595	1.000000
5.213138	2.893305	1.164921	1.000000
1.544946	3.342790	0.273304	1.000000
5.540591	2.911307	2.313348	1.000000
2.146497	2.840951	0.967745	1.000000
0.514359	2.147040	2.528963	1.000000
1.086361	5.425969	3.517835	1.000000
0.791233	4.397360	3.295874	1.000000
4.845353	3.620792	0.279978	1.000000
0.162675	1.716269	4.405111	1.000000
2.238893	1.153885	1.866161	1.000000
5.612590	3.648103	5.100576	1.000000
3.791240	3.658296	3.342505	1.000000
4.603276	0.990084	5.031658	1.000000
2.938609	2.245696	4.505629	1.000000
0.102643	2.147868	1.545307	1.000000
1.100319	2.491643	1.623078	1.000000
3.798992	1.044837	3.331299	1.000000
