172
0.000000 5.744429
0.000000 5.744429
0.000000 5.744429
2.910900	0.350606	4.946256	1.000000
1.486195	2.162085	0.771383	1.000000
2.257195	3.166954	4.261924	1.000000
3.808119	3.438265	5.670462	1.000000
1.090722	3.153966	1.282954	1.000000
4.373829	0.138924	2.194989	1.000000
3.296667	5.363970	3.918584	1.000000
4.980441	2.002447	3.290811	1.000000
1.923308	2.173714	4.634779	1.000000
5.178439	1.303194	4.068961	1.000000
1.027650	3.027594	2.360375	1.000000
1.398083	0.462438	3.548401	1.000000
2.618336	3.099280	5.673886	1.000000
0.131157	5.192886	3.376956	1.000000
2.229475	4.453886	0.991634	1.000000
1.990407	0.357457	2.391995	1.000000
3.997105	4.568931	5.112389	1.000000
1.078769	2.057730	5.509422	1.000000
3.185589	3.324994	0.811653	1.000000
2.238491	3.947533	2.987389	1.000000
3.562505	2.185292	3.567751	1.000000
0.151024	1.460383	0.997868	1.000000
1.492657	1.401655	4.025147	1.000000
0.565555	4.287755	4.816676	1.000000
4.427002	1.921341	5.638370	1.000000
2.502332	5.462930	1.810926	1.000000
3.950791	4.233230	1.679323	1.000000
3.180677	1.140157	3.885089	1.000000
3.666547	2.362054	2.550683	1.000000
4.138481	5.210538	1.321547	1.000000
5.395491	4.567418	0.617242	1.000000
1.103036	0.247725	0.016811	1.000000
1.689825	3.420109	0.446274	1.000000
4.037031	0.451526	3.989068	1.000000
5.191438	5.504389	1.702662	1.000000
4.874063	2.476752	2.338878	1.000000
1.688037	0.277901	4.855159	1.000000
0.958079	5.656084	2.683470	1.000000
2.315892	0.978598	0.956873	1.000000
2.276741	1.188114	4.685166	1.000000
5.671661	3.599005	4.399749	1.000000
4.039242	1.548551	0.891265	1.000000
5.254191	1.178631	2.674831	1.000000
2.522940	4.124622	5.666230	1.000000
2.422835	4.494886	2.088651	1.000000
5.397986	4.423597	1.742489	1.000000
3.479630	0.191310	0.794029	1.000000
2.364172	5.681086	0.552394	1.000000
3.235352	1.067511	2.735318	1.000000
2.889389	4.769314	3.146544	1.000000
5.427531	4.236998	3.089555	1.000000
4.175456	1.339563	3.544902	1.000000
4.379101	4.970959	0.375968	1.000000
2.513998	3.534024	1.528834	1.000000
1.230004	1.020482	2.611578	1.000000
0.540584	2.916255	3.662143	1.000000
0.331259	5.305746	4.623639	1.000000
3.723448	3.223297	1.795050	1.000000
5.198079	4.483936	4.184694	1.000000
1.815558	2.481869	1.764106	1.000000
3.532757	3.254497	3.981955	1.000000
0.049987	3.610797	1.023639	1.000000
4.376796	0.564372	1.141962	1.000000
2.287309	5.069397	4.041249	1.000000
2.005322	1.104725	5.721083	1.000000
3.127596	0.837625	0.079739	1.000000
4.913481	0.386338	3.317585	1.000000
2.913199	0.219249	3.181309	1.000000
1.443840	3.396422	3.305519	1.000000
4.748970	4.935613	3.372225	1.000000
3.916663	4.472087	3.046542	1.000000
0.591429	3.926998	1.827114	1.000000
5.028193	3.000371	1.335429	1.000000
3.307343	0.214406	2.208410	1.000000
3.211944	2.255317	1.284328	1.000000
2.686876	4.114867	4.143127	1.000000
2.660940	2.169239	2.684397	1.000000
3.042521	1.683357	5.111996	1.000000
2.816295	1.818698	0.416550	1.000000
0.862586	2.339966	4.567287	1.000000
1.151062	4.574891	2.826773	1.000000
1.841066	5.373504	3.183204	1.000000
0.204726	1.358565	4.708940	1.000000
2.048524	2.968742	2.612327	1.000000
3.591931	2.434681	0.126165	1.000000
3.886495	3.409621	2.924850	1.000000
1.742527	4.218052	3.817235	1.000000
4.380652	2.815086	3.649255	1.000000
3.858357	5.484610	3.052087	1.000000
0.688260	3.019396	5.659098	1.000000
1.591951	3.861446	2.123829	1.000000
1.574177	4.523087	0.186936	1.000000
4.696116	4.060367	5.724352	1.000000
0.536670	4.312481	3.786856	1.000000
4.257289	0.860285	0.121632	1.000000
4.458025	1.777201	4.644402	1.000000
5.578741	2.694773	5.014897	1.000000
1.214314	5.122471	5.108119	1.000000
1.554464	1.319768	1.606076	1.000000
4.847671	2.955223	0.041687	1.000000
4.340932	3.699202	4.557964	1.000000
5.220302	0.836725	0.491134	1.000000
1.809104	4.101065	4.879685	1.000000
5.127585	1.030834	5.179842	1.000000
3.785693	0.902719	4.947776	1.000000
2.514562	1.544128	1.819334	1.000000
0.664024	5.059814	0.321181	1.000000
4.271812	5.267361	4.336993	1.000000
2.152803	1.228824	3.092512	1.000000
1.211864	1.096497	0.685498	1.000000
2.449016	1.949078	3.752983	1.000000
5.205030	5.571722	0.578679	1.000000
0.371082	0.627559	3.363050	1.000000
2.063624	2.204774	5.626280	1.000000
5.554021	0.227063	2.552584	1.000000
4.906144	2.068345	0.793626	1.000000
2.308446	5.293786	5.295472	1.000000
0.103669	2.609407	0.666693	1.000000
3.226988	3.644261	4.880047	1.000000
4.777113	0.048275	5.275207	1.000000
5.391917	0.729292	1.521683	1.000000
4.097076	2.685976	5.016872	1.000000
3.373800	4.953826	2.140819	1.000000
3.097983	3.784190	2.406893	1.000000
4.751881	3.668848	2.312407	1.000000
3.682280	0.044468	5.536598	1.000000
1.069194	3.493087	4.457798	1.000000
2.372344	0.421628	4.043717	1.000000
5.175582	0.326094	4.383920	1.000000
1.418438	5.416243	0.924759	1.000000
0.329689	1.074164	0.002717	1.000000
0.510444	1.165381	1.910831	1.000000
0.432575	4.933692	1.370684	1.000000
5.241132	2.974451	3.152089	1.000000
3.083672	4.945752	0.087245	1.000000
0.266334	2.264487	2.778240	1.000000
3.022850	2.630991	4.631899	1.000000
1.224019	4.347786	1.174071	1.000000
3.098630	4.817726	4.739737	1.000000
1.250490	0.341247	1.688138	1.000000
0.710132	3.997166	0.312322	1.000000
0.284646	4.928874	2.373842	1.000000
3.717428	4.225844	0.559858	1.000000
3.689919	4.296230	4.079008	1.000000
0.049438	5.733548	5.518361	1.000000
4.202810	2.315220	1.587663	1.000000
1.156319	5.236261	3.951342	1.000000
4.279311	1.459004	2.420062	1.000000
2.348882	2.657289	0.875389	1.000000
4.600546	3.822134	3.525996	1.000000
5.469115	4.658660	5.212186	1.000000
5.450685	1.887563	5.693132	1.000000
3.169204	4.997984	1.114937	1.000000
0.522931	3.746199	2.857012	1.000000
5.625264	2.225104	4.083175	1.000000
0.629431	1.692045	3.551528	1.000000
1.562795	5.043056	2.008511	1.000000
4.183646	3.060760	0.802097	1.000000
1.527639	2.363670	3.729020	1.000000
0.444697	0.132443	0.975548	1.000000
0.767959	0.568189	4.389631	1.000000
5.727294	3.161732	2.048350	1.000000
5.287567	1.756343	1.774433	1.000000
4.590479	4.877730	2.323350	1.000000
3.464545	1.048064	1.564642	1.000000
5.612770	3.650466	5.506994	1.000000
4.725827	3.945617	1.063504	1.000000
0.862100	2.122897	1.727659	1.000000
1.249924	2.021171	2.670944	1.000000
1.718263	3.033575	5.161014	1.000000
2.729072	2.991410	3.367031	1.000000
1.295946	1.206823	5.015269	1.000000
