172
0.000000 6.067037
0.000000 6.067037
0.000000 6.067037
0.037998	6.034481	0.281559	1.000000
1.274553	0.416629	0.494141	1.000000
3.338973	5.603025	0.945076	1.000000
4.471301	5.699822	0.457062	1.000000
0.447953	0.707057	5.528691	1.000000
3.602281	0.089618	0.125423	1.000000
4.784690	0.646389	0.042132	1.000000
5.957537	1.901091	5.803965	1.000000
1.262539	1.596383	0.399986	1.000000
3.203340	1.524222	5.993335	1.000000
4.565632	1.570661	5.552837	1.000000
0.659102	2.555051	0.009660	1.000000
1.894419	2.517540	5.974085	1.000000
4.329543	2.111815	0.303507	1.000000
0.119976	3.414186	5.993083	1.000000
2.126087	4.110236	5.847565	1.000000
2.809388	3.335686	5.718063	1.000000
5.077782	2.777881	6.040100	1.000000
0.921500	4.350740	0.285058	1.000000
1.937730	5.174813	5.867490	1.000000
3.536000	3.440699	0.428891	1.000000
5.368131	5.293684	0.262849	1.000000
1.236852	5.401268	0.486900	1.000000
3.854507	5.041988	0.018467	1.000000
4.877255	4.424395	0.056210	1.000000
0.705505	5.861489	1.369939	1.000000
2.609093	0.350414	0.420862	1.000000
4.415209	0.482061	1.052573	1.000000
0.004075	0.739831	1.090898	1.000000
1.087613	1.022457	1.273593	1.000000
3.541392	1.101481	0.786288	1.000000
5.746520	0.971995	0.112405	1.000000
0.228931	1.888518	0.736237	1.000000
2.322266	1.410959	0.635957	1.000000
4.417841	1.493407	1.135420	1.000000
0.106389	2.915067	0.869121	1.000000
1.687742	2.607866	1.033227	1.000000
2.930956	2.416876	0.367612	1.000000
5.342029	2.191785	0.862024	1.000000
0.994101	3.331592	1.077104	1.000000
2.452232	3.261259	0.621090	1.000000
4.258081	3.831881	1.001112	1.000000
5.970377	4.233024	0.557713	1.000000
1.925490	4.543276	0.843508	1.000000
4.157040	5.053916	1.209550	1.000000
5.124126	4.681982	1.215522	1.000000
1.197432	4.806689	1.681277	1.000000
2.302907	5.500748	0.788927	1.000000
4.765006	5.835042	1.800038	1.000000
0.451331	0.481801	2.103124	1.000000
1.754139	5.758064	1.591045	1.000000
3.107862	5.787841	2.511693	1.000000
5.779415	5.801203	1.572446	1.000000
1.175447	1.143516	2.301206	1.000000
2.188195	0.725257	1.984139	1.000000
4.461143	0.966192	2.020214	1.000000
0.932391	2.139548	1.538636	1.000000
2.100157	1.789250	1.731387	1.000000
3.635499	2.137971	1.284734	1.000000
5.292007	1.658300	1.728237	1.000000
0.085929	3.090588	1.867505	1.000000
2.664318	2.580747	1.371419	1.000000
4.365353	2.811739	1.143040	1.000000
5.410583	3.859914	1.720114	1.000000
2.634409	3.690417	1.701248	1.000000
3.536225	3.227947	1.518744	1.000000
5.183990	3.331443	0.858013	1.000000
1.138309	3.417898	2.091604	1.000000
2.887705	4.561722	0.507433	1.000000
3.715111	4.263842	2.032846	1.000000
0.325897	5.110872	0.787891	1.000000
2.084429	4.372223	2.386458	1.000000
2.909755	4.875329	2.054321	1.000000
5.571898	4.927316	2.187729	1.000000
1.299328	5.898138	2.698784	1.000000
2.195533	5.387666	2.673050	1.000000
4.988138	5.595051	2.825383	1.000000
0.048465	1.297432	2.693790	1.000000
1.701013	0.771026	3.123074	1.000000
3.230656	1.110271	1.898109	1.000000
5.524892	0.492958	2.232005	1.000000
0.805087	2.406388	2.526548	1.000000
2.827484	1.204548	2.913238	1.000000
4.399798	1.931286	2.425529	1.000000
0.111932	2.957871	3.026841	1.000000
1.761589	2.904810	2.921896	1.000000
3.404355	2.123231	2.332356	1.000000
5.577856	2.291414	2.534712	1.000000
1.261933	3.691286	3.298450	1.000000
2.889235	3.887402	2.749494	1.000000
4.708625	2.840726	2.096924	1.000000
5.744318	4.054540	2.653363	1.000000
2.162649	4.151634	3.416347	1.000000
3.741947	4.245156	3.143515	1.000000
4.599945	4.111197	2.571596	1.000000
0.315471	4.226201	1.687973	1.000000
2.972716	4.860847	3.315048	1.000000
4.006805	5.200530	2.227593	1.000000
5.742644	0.103396	3.352737	1.000000
1.587460	6.046294	3.737029	1.000000
3.765829	0.141079	1.775073	1.000000
5.459188	5.464314	4.181051	1.000000
0.698500	0.670913	3.406480	1.000000
2.556989	5.996894	3.447370	1.000000
3.692328	0.569463	3.029901	1.000000
6.005654	1.150695	3.854251	1.000000
1.646376	1.797004	3.238235	1.000000
4.088173	1.459720	3.432657	1.000000
5.038323	1.320762	3.008984	1.000000
0.939013	2.750415	3.780404	1.000000
2.602497	2.304231	3.130076	1.000000
4.077841	2.488384	3.320504	1.000000
5.804514	3.749841	3.705272	1.000000
3.388732	3.413894	3.644788	1.000000
3.879630	3.222350	2.618773	1.000000
5.195189	2.731604	3.539007	1.000000
0.366487	4.455086	3.301627	1.000000
2.813000	4.457379	4.277527	1.000000
4.517863	3.539164	3.450287	1.000000
0.262379	5.408367	2.952458	1.000000
1.299178	4.775871	2.910373	1.000000
3.918283	5.420040	3.230376	1.000000
4.846165	4.789690	3.450621	1.000000
1.087806	5.858798	4.644849	1.000000
3.301988	0.048175	4.381727	1.000000
3.908450	0.319246	5.243237	1.000000
1.007296	0.889781	4.660176	1.000000
2.066152	0.835092	4.703263	1.000000
3.210964	0.953106	3.839501	1.000000
4.860271	0.575668	3.747568	1.000000
1.026927	1.777514	4.077805	1.000000
2.357375	1.482377	3.985909	1.000000
4.376332	1.899555	4.524259	1.000000
5.964322	2.070483	3.457337	1.000000
2.053400	3.014289	3.903145	1.000000
3.444819	2.447282	4.213753	1.000000
5.256131	2.571290	4.552463	1.000000
1.063049	4.221010	4.418217	1.000000
2.241361	3.466130	4.788869	1.000000
4.313878	2.995035	4.393766	1.000000
5.979693	4.572269	4.298823	1.000000
2.062483	5.122539	3.799240	1.000000
3.968474	4.334051	4.304377	1.000000
4.932485	4.643792	4.453563	1.000000
0.741877	5.220998	3.934267	1.000000
2.171508	5.849341	4.658175	1.000000
4.316854	5.446654	4.334795	1.000000
6.049865	5.947098	5.025587	1.000000
1.510906	0.433866	5.449777	1.000000
2.788753	5.984075	5.453226	1.000000
4.889551	0.224903	4.686404	1.000000
1.038916	1.655164	5.417429	1.000000
2.148322	1.493224	5.621696	1.000000
4.157440	0.886234	4.447994	1.000000
0.042102	1.949823	4.598013	1.000000
2.081264	2.234465	4.673681	1.000000
3.506442	1.563267	4.981716	1.000000
5.767644	1.012112	4.878934	1.000000
1.107168	2.682010	4.868026	1.000000
2.931060	2.383061	5.269568	1.000000
3.865442	2.854877	5.700750	1.000000
5.657055	3.398595	5.101782	1.000000
1.269197	3.532992	5.873645	1.000000
3.328499	3.388849	4.758755	1.000000
5.574766	4.426293	5.368438	1.000000
0.527877	3.980384	5.257260	1.000000
3.189505	4.347540	5.644644	1.000000
4.313808	4.382737	5.258650	1.000000
0.233338	5.129838	5.854851	1.000000
1.962908	4.665471	4.971028	1.000000
3.518081	5.214719	5.057538	1.000000
4.840756	5.376280	5.215137	1.000000
