172
0.000000 5.775456
0.000000 5.775456
0.000000 5.775456
4.124212	3.210838	0.322870	1.000000
0.031667	2.754033	2.107394	1.000000
2.026400	4.070630	5.595064	1.000000
3.078792	4.971280	0.442647	1.000000
1.031766	4.145503	0.201650	1.000000
3.659071	0.707767	0.771522	1.000000
5.219986	0.505300	3.766195	1.000000
5.680646	2.619618	5.153673	1.000000
2.671693	4.549969	4.989567	1.000000
3.444408	1.671325	1.046324	1.000000
2.011114	0.105135	4.892087	1.000000
0.992561	0.114555	5.435000	1.000000
2.354198	1.960751	1.075202	1.000000
2.084972	4.605002	0.683393	1.000000
4.072708	5.481180	5.254837	1.000000
2.921288	5.713322	2.142875	1.000000
4.678256	4.595820	5.246117	1.000000
2.126057	2.169050	5.539112	1.000000
2.986803	5.518934	5.050219	1.000000
2.721215	3.517007	4.461249	1.000000
3.152506	1.909290	5.633998	1.000000
0.617264	2.098083	5.648730	1.000000
5.499144	3.597844	3.617317	1.000000
5.100632	4.618373	3.390120	1.000000
4.417411	0.674554	2.915465	1.000000
2.413181	0.469108	2.918120	1.000000
3.904164	5.578396	2.572722	1.000000
1.503074	2.313890	2.687424	1.000000
5.482000	1.874554	1.719917	1.000000
2.040769	0.650570	2.006159	1.000000
0.865505	2.587323	4.704300	1.000000
2.308025	1.186878	5.266362	1.000000
0.730063	1.504792	1.219763	1.000000
4.740390	0.445906	0.588318	1.000000
0.255574	5.347329	4.938648	1.000000
4.708087	2.792872	2.342336	1.000000
5.317672	3.500643	0.028903	1.000000
2.846218	0.988151	1.506364	1.000000
0.774586	0.279566	0.646859	1.000000
3.337204	3.758766	5.492580	1.000000
0.505320	3.102347	0.185801	1.000000
4.770466	1.257937	1.197846	1.000000
5.444714	4.643575	4.433864	1.000000
2.441591	3.159247	5.397527	1.000000
3.926097	4.480781	0.233638	1.000000
5.162929	3.734794	2.542650	1.000000
0.182174	5.107344	0.899068	1.000000
3.090044	4.199679	1.796586	1.000000
4.762134	0.545317	1.939796	1.000000
1.648235	5.548125	2.434721	1.000000
0.445438	4.093822	4.876397	1.000000
3.635298	2.685944	2.127709	1.000000
3.529240	5.170782	4.161894	1.000000
3.786359	5.147005	1.592861	1.000000
1.549778	1.570824	1.803726	1.000000
4.104603	4.702957	3.201861	1.000000
0.280871	5.342348	3.721594	1.000000
3.197966	3.554946	3.030025	1.000000
0.672876	3.444724	4.132000	1.000000
2.165086	3.775875	2.278166	1.000000
4.435357	4.543438	4.140797	1.000000
1.554264	1.595514	3.550018	1.000000
3.897826	1.669083	2.044010	1.000000
2.622936	4.369676	3.849940	1.000000
4.387881	5.696859	3.664875	1.000000
3.511532	2.788005	4.784608	1.000000
0.360620	1.003848	2.039681	1.000000
0.965884	2.418790	1.616286	1.000000
2.568521	5.514096	4.048576	1.000000
4.682689	4.838832	2.077837	1.000000
0.189939	0.471397	4.485726	1.000000
2.479360	2.862740	2.685042	1.000000
4.108076	3.218815	1.328422	1.000000
4.153651	3.798834	2.270710	1.000000
3.378916	2.074091	2.915952	1.000000
0.231435	0.483430	2.893435	1.000000
3.877164	1.365308	3.470996	1.000000
3.168277	1.078656	2.623264	1.000000
1.824163	0.433780	0.117325	1.000000
1.352840	1.402729	5.613326	1.000000
3.710983	0.490571	1.761464	1.000000
2.706551	2.050860	4.711523	1.000000
5.090422	5.265048	0.098919	1.000000
2.347300	5.102285	3.056541	1.000000
3.528531	1.415992	4.420290	1.000000
2.387590	2.268813	3.493773	1.000000
3.323620	3.887148	0.806725	1.000000
5.225767	1.743152	4.513982	1.000000
5.602995	1.425165	3.526661	1.000000
0.196531	2.595157	1.000104	1.000000
2.101697	3.305404	3.552753	1.000000
1.129681	5.628033	4.464445	1.000000
1.508291	2.483143	0.661316	1.000000
5.411391	3.496615	4.638264	1.000000
4.940389	4.329038	0.522688	1.000000
5.225480	1.198578	2.546979	1.000000
4.517376	3.718680	3.339682	1.000000
0.894673	4.648820	4.126965	1.000000
4.080335	5.434269	0.540427	1.000000
1.264133	5.167298	0.520756	1.000000
4.003981	2.217224	0.389058	1.000000
2.763147	0.160823	0.338484	1.000000
1.300333	2.611918	3.659966	1.000000
2.132590	5.177049	5.606512	1.000000
3.354692	0.299118	3.283419	1.000000
2.192808	1.482186	2.777714	1.000000
5.703189	1.525428	0.618679	1.000000
4.706732	2.074451	3.538772	1.000000
4.049791	2.796109	3.165710	1.000000
3.330530	0.753223	5.328804	1.000000
1.637511	1.792197	4.652092	1.000000
1.106276	4.839173	5.188408	1.000000
5.463302	2.248168	2.898986	1.000000
4.263580	1.697133	5.057391	1.000000
1.441744	0.780295	2.838152	1.000000
2.897923	1.954199	2.004766	1.000000
2.735221	1.176479	0.473548	1.000000
5.171368	3.256970	1.462167	1.000000
3.720394	4.536821	4.963689	1.000000
4.780693	1.453375	0.147520	1.000000
4.899840	5.267901	1.126035	1.000000
5.415123	4.439748	1.457074	1.000000
0.769440	5.093892	2.831138	1.000000
1.862669	4.809085	4.453134	1.000000
3.119262	2.760582	0.394695	1.000000
4.164101	4.238991	1.302357	1.000000
2.839251	3.181230	1.670575	1.000000
3.658077	0.380366	4.360546	1.000000
2.793030	1.335433	3.566955	1.000000
1.949869	0.820763	4.131285	1.000000
1.451524	5.765477	3.476983	1.000000
1.630477	1.011050	0.925000	1.000000
2.281072	4.792036	1.901924	1.000000
0.065455	2.571908	4.039166	1.000000
0.553290	4.200054	3.268247	1.000000
1.366740	4.391038	2.421340	1.000000
3.705691	3.836188	4.075400	1.000000
1.435828	3.144521	5.477990	1.000000
2.033266	2.779469	4.556190	1.000000
0.471627	3.085522	2.965184	1.000000
1.748672	3.780189	4.458349	1.000000
1.246195	3.231948	2.318661	1.000000
0.222793	3.733179	0.974761	1.000000
4.286334	3.593235	4.864373	1.000000
5.043689	2.460720	0.328464	1.000000
0.331267	1.163149	5.427428	1.000000
1.080049	0.455288	1.607520	1.000000
0.096987	5.552981	2.062701	1.000000
0.764198	4.562503	1.604480	1.000000
3.549115	2.282718	3.884735	1.000000
4.867037	5.686417	4.559452	1.000000
5.724363	0.323419	0.066389	1.000000
4.653970	3.009837	4.050853	1.000000
4.652371	2.654004	5.144011	1.000000
0.702173	1.736018	4.074725	1.000000
1.114792	0.891918	4.720821	1.000000
2.095492	3.386196	0.700535	1.000000
4.430326	0.689062	5.334092	1.000000
0.646416	1.585040	2.840373	1.000000
1.941607	2.697200	1.670345	1.000000
4.473690	1.104696	4.267738	1.000000
5.664692	4.621257	2.484689	1.000000
5.641238	0.636594	1.096446	1.000000
0.801706	0.767312	3.672444	1.000000
2.280660	0.070295	1.219601	1.000000
0.055083	4.413330	0.054494	1.000000
0.448205	3.827706	2.227474	1.000000
1.156184	3.428436	1.340783	1.000000
4.612948	2.260559	1.222310	1.000000
1.599602	4.212546	3.445959	1.000000
3.189652	4.650522	2.719904	1.000000
5.040738	5.604189	2.648088	1.000000
