172
0.000000 5.836914
0.000000 5.836914
0.000000 5.836914
3.227394	3.370522	5.755516	1.000000
2.235960	0.810091	0.161227	1.000000
2.474305	4.072030	5.293193	1.000000
3.584078	4.316781	5.259420	1.000000
1.453855	4.817767	0.825794	1.000000
4.337115	1.198110	3.448899	1.000000
0.753166	5.653553	2.170776	1.000000
0.822329	2.740993	3.537922	1.000000
1.987143	0.143731	2.583816	1.000000
3.251094	1.227574	0.658089	1.000000
4.223853	2.135543	5.123403	1.000000
5.557583	2.232344	4.774725	1.000000
2.448073	3.192953	1.220394	1.000000
3.302165	0.090895	1.425466	1.000000
4.405728	5.189122	5.269829	1.000000
1.421178	0.384313	1.659816	1.000000
4.262452	3.082321	5.552528	1.000000
5.796285	1.444779	1.522114	1.000000
3.027185	4.955237	4.655581	1.000000
2.977367	2.784170	3.467288	1.000000
4.061980	5.602986	0.613604	1.000000
4.851765	0.530390	0.455801	1.000000
0.063829	4.132959	4.670965	1.000000
4.623915	4.228511	4.889687	1.000000
2.524971	0.550969	3.322009	1.000000
4.131271	1.639388	2.340057	1.000000
1.878048	1.116569	2.298871	1.000000
1.628913	3.277975	3.271592	1.000000
5.473944	5.326274	1.702304	1.000000
2.447106	0.869162	1.201823	1.000000
3.803559	4.437837	0.430251	1.000000
1.768438	2.023286	5.667507	1.000000
4.119074	1.335080	4.509669	1.000000
3.540746	0.229138	4.560306	1.000000
5.090770	1.584318	5.560989	1.000000
3.371715	3.021852	1.853305	1.000000
5.457700	4.443779	1.071871	1.000000
3.090891	1.792694	5.447627	1.000000
1.698919	1.698061	1.450638	1.000000
3.959321	5.298283	2.017983	1.000000
1.467861	3.689644	1.201020	1.000000
4.206483	1.562119	0.464299	1.000000
0.988297	3.700847	3.987667	1.000000
2.196251	3.864899	0.430756	1.000000
3.461657	5.255417	5.624255	1.000000
4.932034	2.405519	2.737714	1.000000
0.311167	3.889623	5.632419	1.000000
3.256822	4.862116	1.246919	1.000000
4.658957	4.638605	2.495002	1.000000
2.085436	5.588883	0.911312	1.000000
0.481497	2.564520	5.506700	1.000000
0.004595	3.873681	3.640365	1.000000
3.360639	1.168273	3.082520	1.000000
3.877635	0.542800	2.207418	1.000000
2.123495	2.417792	2.994273	1.000000
5.663903	4.797672	2.683232	1.000000
0.821814	0.917335	2.406122	1.000000
2.806271	0.712143	2.123795	1.000000
0.355528	3.015344	4.580239	1.000000
3.870251	3.999910	3.947636	1.000000
5.154250	3.775217	5.617928	1.000000
1.235427	2.514186	2.398137	1.000000
3.249275	3.712693	0.874748	1.000000
1.219366	3.902568	4.940910	1.000000
3.802089	4.220769	2.902412	1.000000
2.299380	2.768092	0.304007	1.000000
4.466797	3.672430	0.519962	1.000000
1.993563	3.676063	2.069450	1.000000
3.127291	4.941997	3.437521	1.000000
0.590206	4.540017	1.591634	1.000000
3.892697	0.877712	5.384031	1.000000
1.545533	4.831651	2.033996	1.000000
3.019771	4.086020	1.866995	1.000000
4.153187	5.122992	3.271413	1.000000
2.413543	1.556454	3.535083	1.000000
4.236221	0.141334	3.805821	1.000000
4.613497	0.037248	2.773594	1.000000
2.405951	1.816819	0.676226	1.000000
2.211814	2.431836	1.904995	1.000000
3.001185	1.662675	1.584622	1.000000
4.821326	1.300177	1.300924	1.000000
4.243487	2.702685	0.661881	1.000000
0.774337	4.874178	4.723111	1.000000
1.605036	0.096117	4.992771	1.000000
2.667348	2.628518	5.033348	1.000000
0.536497	1.783212	3.403495	1.000000
3.131337	5.773338	2.777063	1.000000
0.284686	2.130576	2.353303	1.000000
5.161984	1.493085	2.352306	1.000000
4.716233	0.270933	1.657353	1.000000
1.483188	5.175448	3.020762	1.000000
1.386863	0.837860	3.304474	1.000000
2.250743	4.444597	1.326997	1.000000
5.115740	3.247376	4.565162	1.000000
5.412246	2.827938	1.965735	1.000000
4.777497	3.636873	2.615952	1.000000
4.836750	4.317256	3.566621	1.000000
0.002335	0.027596	4.287921	1.000000
4.613637	5.008302	1.218928	1.000000
5.535422	0.520877	5.528991	1.000000
3.253478	2.340706	0.512008	1.000000
4.018207	0.709904	1.067130	1.000000
5.373606	1.126179	4.631676	1.000000
1.645125	4.737267	5.339503	1.000000
3.935586	2.003537	1.331079	1.000000
1.494979	1.946024	3.667149	1.000000
0.384079	0.755925	3.382916	1.000000
3.216945	2.104316	4.369106	1.000000
5.649023	2.606558	3.734069	1.000000
4.047909	2.238862	3.341359	1.000000
2.012014	1.765734	4.629836	1.000000
1.184844	3.483814	0.072039	1.000000
2.824432	3.447316	2.626975	1.000000
0.790546	2.055347	4.509920	1.000000
0.778962	5.520869	1.114309	1.000000
3.075135	2.049168	2.643374	1.000000
2.450111	5.645379	5.536700	1.000000
0.331216	3.407444	2.798101	1.000000
2.723711	5.734948	4.086009	1.000000
5.459050	0.332034	2.327153	1.000000
4.534083	3.869491	1.554263	1.000000
5.220622	5.294003	3.505352	1.000000
0.999112	4.208927	2.677510	1.000000
2.020399	4.805569	4.339757	1.000000
5.209803	2.237261	1.149583	1.000000
5.609337	4.009408	2.014787	1.000000
4.401823	2.774936	1.861407	1.000000
4.003522	2.943248	4.454392	1.000000
3.223379	1.067540	4.092813	1.000000
1.947350	0.618937	4.169148	1.000000
0.803114	0.804791	4.319511	1.000000
5.684584	0.396984	1.295891	1.000000
0.425172	4.626984	0.502341	1.000000
5.691042	1.141959	0.574216	1.000000
1.356715	5.547446	4.012164	1.000000
1.678681	4.260358	3.475173	1.000000
4.697274	3.134957	3.558330	1.000000
1.438431	2.777534	4.853908	1.000000
2.193478	2.636528	4.070891	1.000000
0.553970	5.615600	3.160113	1.000000
0.741948	4.654964	3.536112	1.000000
0.883650	1.144636	1.067955	1.000000
5.575871	4.780923	5.454013	1.000000
3.111843	3.650946	4.558093	1.000000
0.308545	1.338963	5.313807	1.000000
0.488489	5.749291	5.232721	1.000000
3.225284	0.347194	0.143495	1.000000
5.527867	5.519909	0.571310	1.000000
0.435909	0.349050	0.388849	1.000000
2.057246	3.718697	4.399612	1.000000
4.173175	5.084260	4.280586	1.000000
2.660192	0.913596	5.013413	1.000000
5.290182	1.536995	3.677956	1.000000
0.891857	1.820815	0.306300	1.000000
4.730198	2.248325	4.113181	1.000000
1.286899	1.061379	5.241330	1.000000
2.737840	4.790652	0.339959	1.000000
5.247655	0.471197	3.552004	1.000000
0.351473	2.545635	0.942689	1.000000
2.817193	3.959002	3.603208	1.000000
5.200013	2.798563	0.132864	1.000000
3.829027	3.043301	2.784228	1.000000
5.197076	5.002156	4.506424	1.000000
2.675969	5.299227	2.009606	1.000000
1.251662	5.654630	0.109088	1.000000
4.811476	4.638773	0.249806	1.000000
0.533753	3.121320	1.772544	1.000000
0.470329	3.685272	0.888481	1.000000
4.868447	0.218143	4.635963	1.000000
1.546078	2.664126	1.008611	1.000000
2.490396	4.509637	2.650840	1.000000
5.294180	3.284165	1.083539	1.000000
