172
0.000000 5.832025
0.000000 5.832025
0.000000 5.832025
3.197772	4.287721	5.770265	1.000000
1.456927	1.462840	5.749151	1.000000
2.298040	4.662503	0.235115	1.000000
3.463230	4.100870	4.638762	1.000000
1.280051	5.491650	0.831431	1.000000
4.280861	1.224922	4.163672	1.000000
5.697368	5.187403	2.137896	1.000000
0.884250	2.573080	3.100986	1.000000
2.326522	5.632338	1.990882	1.000000
3.549272	1.391413	0.079165	1.000000
2.915589	2.436268	5.118444	1.000000
5.059093	3.633556	4.572980	1.000000
1.858431	2.198816	1.004450	1.000000
3.245740	0.029785	1.474642	1.000000
4.182356	5.098873	5.590826	1.000000
1.304639	5.667245	1.873733	1.000000
4.124615	3.449243	0.528432	1.000000
0.219905	0.843329	1.017150	1.000000
2.425934	4.120759	5.135412	1.000000
3.378925	2.820191	4.294146	1.000000
3.789739	0.238159	5.630239	1.000000
4.805751	0.163301	5.313502	1.000000
5.755794	3.287048	3.931849	1.000000
4.994025	4.962748	4.976653	1.000000
2.488946	0.044078	3.174316	1.000000
4.606124	1.064072	2.881832	1.000000
1.650004	1.165165	3.490064	1.000000
0.266275	3.050825	2.118671	1.000000
5.247758	0.176674	0.856375	1.000000
2.187007	1.193312	0.638862	1.000000
3.473291	4.826085	0.985708	1.000000
2.155843	2.445618	5.792708	1.000000
3.461794	1.378107	4.862732	1.000000
3.488038	0.396710	4.432853	1.000000
5.603019	2.249773	0.082903	1.000000
3.419913	1.926776	1.738388	1.000000
0.463110	4.788170	0.658263	1.000000
2.463943	1.279279	5.365967	1.000000
0.683217	1.978855	0.759452	1.000000
3.669169	4.208043	1.927284	1.000000
0.835273	3.665587	1.180097	1.000000
4.257822	2.722248	1.238561	1.000000
0.330210	3.665958	2.949043	1.000000
2.004799	3.411018	1.214522	1.000000
2.936932	5.054435	4.853592	1.000000
5.377211	2.872482	3.016455	1.000000
0.097767	3.114494	4.911877	1.000000
2.319137	5.575892	0.906975	1.000000
4.667339	5.034924	2.596230	1.000000
1.932090	0.574213	1.423316	1.000000
1.287852	3.256866	5.206127	1.000000
5.673918	4.577058	3.078541	1.000000
4.121180	0.919286	1.690975	1.000000
4.236073	0.152590	2.527945	1.000000
1.670211	3.096801	2.640574	1.000000
5.054001	5.027003	1.330058	1.000000
1.221028	1.357374	1.525538	1.000000
1.698187	1.009957	2.369605	1.000000
0.368469	1.988713	4.373872	1.000000
3.674900	3.538561	3.627121	1.000000
4.543937	4.055214	5.638739	1.000000
1.691613	2.090290	2.637722	1.000000
3.425591	3.155934	1.650234	1.000000
0.708856	4.246156	5.174350	1.000000
2.718385	3.776577	2.549414	1.000000
2.694211	2.886778	0.702394	1.000000
4.329647	4.276020	1.099466	1.000000
1.451141	3.921041	2.002273	1.000000
3.092913	5.009532	2.511346	1.000000
0.805688	4.792512	1.929624	1.000000
4.449514	1.107155	5.235139	1.000000
1.649383	4.515198	1.127498	1.000000
2.289113	2.650647	1.884232	1.000000
4.664984	5.042261	3.687715	1.000000
2.773728	1.349656	2.922219	1.000000
3.658002	0.885155	3.387455	1.000000
4.372262	0.227677	3.735997	1.000000
2.950782	1.878496	0.734559	1.000000
2.399055	1.620947	1.969414	1.000000
3.146345	1.017910	1.354034	1.000000
5.065001	1.151897	1.254469	1.000000
4.999447	3.402339	1.314210	1.000000
1.238443	5.524308	4.528010	1.000000
1.846800	0.720943	4.680796	1.000000
2.283319	3.116606	4.735209	1.000000
0.597192	1.489271	2.477030	1.000000
3.114602	0.432473	2.414294	1.000000
0.276171	2.120885	1.743997	1.000000
5.351892	1.860077	2.357886	1.000000
4.303970	5.581071	0.754844	1.000000
1.115854	4.383044	2.870463	1.000000
0.678221	0.463139	3.077622	1.000000
2.673621	4.304489	1.548198	1.000000
3.990772	3.315358	5.186593	1.000000
4.805171	2.748657	2.167052	1.000000
3.830027	4.452527	3.050733	1.000000
4.325205	4.174427	4.117068	1.000000
0.275402	5.443202	3.813930	1.000000
3.938039	5.176192	1.848233	1.000000
5.776549	0.456869	5.072994	1.000000
3.639917	2.569300	0.412909	1.000000
4.402747	1.719383	0.633892	1.000000
5.233518	0.872076	3.843384	1.000000
1.916995	5.132439	5.168627	1.000000
4.433920	1.887553	1.781559	1.000000
1.386078	2.264351	3.941716	1.000000
5.628301	0.942789	2.833750	1.000000
3.240756	1.906298	3.869908	1.000000
4.595360	3.108762	3.616046	1.000000
4.267673	2.322339	4.272297	1.000000
2.127265	2.039513	4.574397	1.000000
2.085087	3.474122	0.024373	1.000000
3.062139	2.566761	2.583592	1.000000
0.220742	1.767096	3.366262	1.000000
0.374896	5.660459	1.328356	1.000000
3.733128	1.537988	2.628455	1.000000
2.471555	5.702007	4.196611	1.000000
4.894528	3.945419	3.067132	1.000000
3.550410	5.376982	3.386499	1.000000
5.302761	0.265221	1.975737	1.000000
4.700422	4.053103	2.040176	1.000000
5.396875	4.525062	4.133208	1.000000
5.830799	4.132119	2.112421	1.000000
1.707257	4.788081	3.696223	1.000000
5.145894	2.260448	1.167430	1.000000
0.079660	2.938249	1.100064	1.000000
4.654677	2.085904	3.066879	1.000000
4.113011	2.120472	5.437686	1.000000
2.670410	0.795935	3.849619	1.000000
1.549239	0.171508	3.701430	1.000000
0.621312	0.801538	4.129970	1.000000
0.615777	0.570390	2.020933	1.000000
1.225199	3.953769	0.255209	1.000000
4.588472	0.764888	0.362724	1.000000
1.617375	5.478569	2.825228	1.000000
1.729652	3.798190	3.540601	1.000000
3.777470	2.577642	3.301446	1.000000
0.922869	3.146389	4.164858	1.000000
2.339499	2.278916	3.391390	1.000000
0.619826	5.289178	2.827308	1.000000
0.615839	4.311916	4.105377	1.000000
1.255552	0.756070	0.667253	1.000000
5.596594	4.287775	5.634562	1.000000
3.098582	3.270938	5.668091	1.000000
5.047643	2.364071	4.938208	1.000000
1.018199	5.113647	5.630331	1.000000
2.920736	0.542450	0.273971	1.000000
0.210198	0.153791	0.213458	1.000000
0.972186	0.537955	5.192689	1.000000
1.527937	4.137099	4.514325	1.000000
3.951103	5.136868	4.431445	1.000000
2.587042	0.253008	5.197444	1.000000
5.293376	2.285348	3.917641	1.000000
0.341900	1.296674	0.024030	1.000000
5.446612	1.394681	4.945223	1.000000
1.194677	1.499262	4.784131	1.000000
3.058028	5.356001	0.061089	1.000000
5.375209	0.049058	3.282239	1.000000
0.799159	2.343126	5.210524	1.000000
2.586486	3.265212	3.763055	1.000000
5.111018	3.233834	0.314867	1.000000
3.663806	3.399894	2.605013	1.000000
0.279807	5.151103	4.887014	1.000000
2.132784	4.653158	2.415762	1.000000
1.784576	0.152543	0.040625	1.000000
5.387757	5.170195	0.287396	1.000000
1.258526	2.803963	1.730635	1.000000
0.244000	3.333675	0.063013	1.000000
5.315902	5.801787	4.314802	1.000000
1.238052	2.956552	0.441583	1.000000
2.676145	4.435094	3.683153	1.000000
5.682393	4.116578	1.107266	1.000000
