172
0.000000 5.752541
0.000000 5.752541
0.000000 5.752541
3.149385	5.182230	4.615109	1.000000
1.496904	2.251501	0.977080	1.000000
2.801403	4.563981	3.879749	1.000000
3.479013	2.676830	0.543939	1.000000
1.073303	3.202852	0.763781	1.000000
4.079544	0.290280	2.971791	1.000000
2.508282	0.139713	4.083737	1.000000
4.619745	2.218802	4.123618	1.000000
1.894937	2.047104	4.878932	1.000000
5.258114	1.312361	4.101461	1.000000
1.637285	2.975865	2.656836	1.000000
1.587543	5.417796	4.101554	1.000000
2.323690	3.719193	4.181959	1.000000
5.577186	4.645161	3.371526	1.000000
2.801396	4.319849	0.831311	1.000000
0.881859	0.204408	2.059102	1.000000
3.929607	5.577709	5.179171	1.000000
0.887505	1.797385	0.285637	1.000000
3.626884	3.651285	0.850136	1.000000
2.207385	3.967740	2.934761	1.000000
3.551039	2.636311	4.372202	1.000000
0.224298	1.289989	0.915976	1.000000
1.314089	1.126692	4.308157	1.000000
0.082801	4.977310	5.178320	1.000000
3.948726	1.022380	0.420792	1.000000
2.147818	5.038880	1.197674	1.000000
4.133384	3.995180	2.008380	1.000000
3.861135	1.525078	4.580732	1.000000
2.929306	2.019204	2.807051	1.000000
3.896825	5.557216	1.835261	1.000000
5.316484	4.301527	0.392495	1.000000
1.706824	5.751685	0.277173	1.000000
2.013374	3.679921	0.735233	1.000000
3.713897	0.501125	4.354537	1.000000
5.684080	0.445227	1.747287	1.000000
5.656986	2.368618	3.312199	1.000000
1.885008	5.749937	5.015837	1.000000
0.224003	5.359037	2.579240	1.000000
2.650956	0.965974	1.849303	1.000000
2.986264	1.934662	4.949171	1.000000
0.611538	3.007000	4.148100	1.000000
3.616565	0.793049	1.635917	1.000000
4.604274	0.984220	2.296540	1.000000
2.463264	3.546950	5.556667	1.000000
3.062202	5.103496	2.856085	1.000000
5.050470	4.754396	1.882918	1.000000
2.966588	0.880817	0.838050	1.000000
2.166608	0.359163	1.169411	1.000000
3.760387	1.090890	3.541968	1.000000
3.690055	4.044451	3.217422	1.000000
4.864050	4.121085	2.725003	1.000000
4.763303	0.396759	4.030650	1.000000
3.949466	4.657686	1.277986	1.000000
2.839706	3.340715	1.429937	1.000000
1.142923	0.991399	3.024391	1.000000
0.413738	1.555883	3.603822	1.000000
0.570576	5.066894	4.210679	1.000000
3.766986	2.812100	1.649243	1.000000
5.608998	4.093156	4.327867	1.000000
1.729908	3.012092	1.627417	1.000000
4.473756	3.234549	3.414782	1.000000
5.167231	3.702231	1.845703	1.000000
4.605091	0.480114	1.210455	1.000000
2.062083	5.209064	3.123514	1.000000
2.329253	0.937937	5.694799	1.000000
2.984004	1.724121	0.277432	1.000000
5.447688	0.695398	3.089837	1.000000
1.861942	0.151549	2.287243	1.000000
1.583089	3.398654	3.562942	1.000000
4.616554	5.273753	3.566020	1.000000
5.613341	3.546638	3.457123	1.000000
0.934259	3.504728	2.108071	1.000000
4.743151	2.719171	1.400159	1.000000
2.732005	0.471666	2.889423	1.000000
1.653532	2.009278	2.109087	1.000000
3.118078	3.326891	3.659624	1.000000
2.143981	1.340332	2.669833	1.000000
2.657544	2.898868	4.758295	1.000000
2.272397	1.550091	1.128161	1.000000
0.907592	2.249375	5.017600	1.000000
1.234558	4.246805	2.791378	1.000000
1.059594	5.253899	3.133412	1.000000
0.420608	1.445600	4.632171	1.000000
2.729151	3.058729	2.484508	1.000000
3.929183	1.968947	5.584137	1.000000
3.854655	2.343704	3.315454	1.000000
0.911712	3.901197	4.628588	1.000000
5.577334	2.871898	5.236743	1.000000
3.521986	5.482083	3.731274	1.000000
0.755226	3.118525	5.553835	1.000000
1.895850	4.173086	1.979113	1.000000
1.842046	4.604979	0.334537	1.000000
5.261988	3.215609	0.688763	1.000000
0.666930	4.163263	3.623371	1.000000
4.057758	0.023660	0.479586	1.000000
4.453816	2.657904	5.055870	1.000000
0.043787	3.917784	5.297777	1.000000
1.225728	4.756958	5.279588	1.000000
1.605642	1.001098	1.800990	1.000000
4.369210	3.193714	0.234696	1.000000
4.624375	3.970166	5.378323	1.000000
5.099487	1.200715	0.404249	1.000000
1.495551	3.808234	5.591270	1.000000
4.860627	1.566634	5.021672	1.000000
3.310135	1.067347	5.347159	1.000000
2.734125	2.353283	1.678309	1.000000
0.629674	4.372257	0.306956	1.000000
5.111196	5.058723	4.414113	1.000000
2.052030	0.851090	3.547772	1.000000
1.555303	0.995249	0.625129	1.000000
3.067713	1.768867	3.879203	1.000000
5.410977	5.222201	0.890379	1.000000
5.624565	5.607130	3.661400	1.000000
1.963676	1.852487	0.133629	1.000000
4.872670	5.701153	2.362365	1.000000
4.518107	1.502508	1.276591	1.000000
2.157581	4.422170	4.940124	1.000000
0.167973	2.451809	0.769105	1.000000
3.404374	3.205254	5.412321	1.000000
4.510955	0.637184	5.352266	1.000000
5.492177	1.744588	2.517617	1.000000
4.008868	3.579573	4.548309	1.000000
3.051423	4.821537	1.765360	1.000000
3.097808	3.986153	2.315103	1.000000
4.768827	2.622879	2.589073	1.000000
3.122397	0.151983	0.063582	1.000000
1.610909	3.134172	4.619123	1.000000
2.520509	1.031943	4.631944	1.000000
0.021687	0.523155	4.561030	1.000000
1.142819	5.255346	1.103124	1.000000
0.595746	0.815557	0.056927	1.000000
0.581580	1.410756	2.037065	1.000000
0.297518	5.021054	1.633712	1.000000
5.078166	3.142091	4.226285	1.000000
2.787438	4.842633	5.692607	1.000000
0.775977	2.122111	2.754006	1.000000
2.383886	2.627438	3.815462	1.000000
1.126568	4.210606	1.223153	1.000000
3.366617	4.180064	5.046545	1.000000
0.699111	0.416061	1.054146	1.000000
0.289340	3.595497	1.307864	1.000000
0.189284	4.152175	2.400707	1.000000
3.732645	4.615343	0.278292	1.000000
4.141506	4.739492	4.431472	1.000000
5.534348	0.126711	0.033034	1.000000
4.138577	1.874706	2.164454	1.000000
1.622017	4.454999	3.803980	1.000000
4.623438	1.529189	3.187289	1.000000
2.417572	2.548671	0.719707	1.000000
4.722317	4.258528	3.766756	1.000000
4.808155	5.031541	5.462717	1.000000
5.661724	1.809760	5.572271	1.000000
3.145680	5.539506	1.045281	1.000000
0.692673	3.145728	3.051041	1.000000
5.642175	2.267453	4.394702	1.000000
0.761773	0.419665	3.768356	1.000000
1.330113	5.034250	2.141261	1.000000
3.537487	1.885957	1.158102	1.000000
1.136584	2.127276	4.043580	1.000000
0.722367	5.468891	0.112069	1.000000
0.928611	0.285812	4.934372	1.000000
5.751435	2.860218	2.328269	1.000000
5.407242	1.983337	1.543533	1.000000
4.052730	4.882496	2.623142	1.000000
3.482153	1.205650	2.555331	1.000000
4.838896	2.242708	0.218830	1.000000
4.608812	3.902876	1.029901	1.000000
0.720324	2.515406	1.650890	1.000000
1.762533	2.094951	3.211020	1.000000
1.744414	2.836041	5.635273	1.000000
3.857353	3.148946	2.600126	1.000000
1.416114	1.168767	5.349448	1.000000
