172
0.000000 5.739768
0.000000 5.739768
0.000000 5.739768
4.219399	4.669488	3.630015	1.000000
4.053620	1.065339	5.331682	1.000000
1.960075	4.425421	3.769733	1.000000
2.360687	3.055840	2.592654	1.000000
0.252818	1.337059	2.000956	1.000000
2.489748	1.027652	3.130985	1.000000
2.023638	5.341242	4.180045	1.000000
2.186409	3.898288	4.697922	1.000000
1.280798	1.674596	3.022222	1.000000
1.070741	2.532273	5.397803	1.000000
0.595390	3.599398	3.431628	1.000000
0.504534	1.065439	4.133954	1.000000
1.950413	2.244248	4.621934	1.000000
5.304290	3.925859	2.043975	1.000000
2.947998	3.253583	0.109931	1.000000
2.388713	0.867457	5.656206	1.000000
2.425841	4.263169	5.720723	1.000000
0.879857	2.077842	4.492874	1.000000
1.688576	4.311459	1.581300	1.000000
1.983998	0.361281	4.862358	1.000000
3.317571	3.207762	2.240728	1.000000
5.699188	3.082020	0.807169	1.000000
3.323381	1.179599	3.786823	1.000000
0.088690	3.347565	5.216351	1.000000
0.985269	2.660532	3.344732	1.000000
2.641267	4.717336	2.073452	1.000000
5.613849	0.332601	3.178128	1.000000
4.525314	2.882822	1.080701	1.000000
4.682168	5.453504	4.347381	1.000000
4.256642	0.389614	2.293615	1.000000
1.362049	5.400492	2.540882	1.000000
0.849107	4.841943	0.981460	1.000000
2.303351	1.727757	2.207784	1.000000
3.874894	5.439338	5.208310	1.000000
4.488318	3.108792	2.654223	1.000000
2.071326	3.376686	3.631003	1.000000
5.340472	0.127736	0.440654	1.000000
4.655076	0.052729	3.270033	1.000000
3.693910	5.447627	1.548055	1.000000
2.390100	1.445117	0.968745	1.000000
0.482740	4.969600	4.271711	1.000000
4.382607	2.150750	5.181698	1.000000
5.625469	2.059529	1.200389	1.000000
1.484365	4.411662	0.323987	1.000000
0.100726	0.557237	5.346236	1.000000
4.626911	0.874098	0.596599	1.000000
3.952995	4.034700	0.325393	1.000000
4.796061	5.707519	1.320683	1.000000
0.347086	3.890703	1.308590	1.000000
3.615806	4.892682	4.407468	1.000000
5.289500	0.097838	2.204219	1.000000
5.319405	5.262369	5.131519	1.000000
2.758209	5.297819	1.181722	1.000000
1.877913	4.492528	2.680824	1.000000
2.199654	5.624774	1.969073	1.000000
1.487685	1.487729	0.342670	1.000000
1.579457	0.644390	2.757344	1.000000
1.458305	0.872329	1.789143	1.000000
4.707201	5.084949	0.222388	1.000000
3.572139	1.829895	4.640471	1.000000
5.084886	2.125065	2.266238	1.000000
4.854862	4.864053	1.891050	1.000000
5.449258	2.924556	1.781473	1.000000
5.681296	4.104532	4.161545	1.000000
3.536210	0.786966	1.250816	1.000000
3.174871	1.739484	1.582191	1.000000
0.670799	2.567924	1.676373	1.000000
4.870469	4.042425	5.470001	1.000000
1.095377	5.604564	4.790948	1.000000
5.126924	1.294401	5.272400	1.000000
4.495965	1.732939	4.256283	1.000000
3.060343	0.009961	2.525558	1.000000
1.439801	2.478530	2.333021	1.000000
3.118588	0.394785	5.052696	1.000000
2.155554	2.212661	3.104900	1.000000
0.455540	4.416214	5.118300	1.000000
4.204970	0.747738	4.246365	1.000000
4.103899	3.275890	5.221670	1.000000
3.015841	2.335740	0.735062	1.000000
3.000386	4.198735	4.009514	1.000000
0.471059	2.146875	2.561581	1.000000
5.520584	0.274780	4.309204	1.000000
5.602918	1.864727	4.251033	1.000000
3.215485	1.535497	5.659335	1.000000
3.752216	3.606917	3.206977	1.000000
3.812761	0.250255	0.423760	1.000000
4.738799	0.306608	5.375856	1.000000
4.909146	2.905973	0.121827	1.000000
2.794574	0.364480	4.046642	1.000000
1.140265	3.670107	5.170140	1.000000
0.285269	5.087566	1.858044	1.000000
1.330444	1.119366	4.958647	1.000000
4.270395	3.699932	1.766001	1.000000
5.580363	4.294407	3.065704	1.000000
3.885165	3.770675	4.274695	1.000000
2.831850	3.178465	4.277593	1.000000
1.581820	1.905167	1.489458	1.000000
0.400590	5.402306	5.702303	1.000000
0.342702	1.315539	3.105250	1.000000
3.373192	4.837872	0.183802	1.000000
1.535951	4.619433	5.068157	1.000000
5.441221	4.818731	1.041486	1.000000
0.843224	4.320375	2.560808	1.000000
4.937168	1.931010	0.390834	1.000000
3.865403	1.704922	0.748488	1.000000
3.894495	2.479386	1.796267	1.000000
1.412808	3.282493	1.558804	1.000000
4.737848	3.783855	3.630938	1.000000
1.178081	5.038508	3.494358	1.000000
5.160572	1.079290	2.667521	1.000000
4.210374	1.014468	3.142349	1.000000
0.543453	0.414347	2.346550	1.000000
4.973977	3.313462	4.657174	1.000000
0.754111	1.309981	1.112162	1.000000
0.635136	2.280242	0.575064	1.000000
5.050972	3.833954	0.958118	1.000000
2.324856	3.641684	0.807456	1.000000
5.537592	2.936923	3.243565	1.000000
4.614398	4.421442	4.523812	1.000000
0.845534	0.331763	3.513259	1.000000
4.055122	5.158453	2.690921	1.000000
3.090869	4.849343	3.144796	1.000000
3.513598	3.219067	0.992871	1.000000
2.715039	3.956674	2.853203	1.000000
3.163484	2.604269	3.090763	1.000000
1.784176	0.511132	3.833368	1.000000
1.656491	2.565185	0.699459	1.000000
0.161864	2.830790	4.259660	1.000000
0.434066	1.541388	5.437435	1.000000
3.650572	5.537891	3.644071	1.000000
1.170098	5.622989	1.579256	1.000000
5.629303	1.090417	0.478367	1.000000
5.045911	0.946552	1.568598	1.000000
5.111137	0.994183	3.736639	1.000000
1.798059	5.214781	0.894888	1.000000
4.675577	2.649059	3.707448	1.000000
3.047049	2.572303	5.110468	1.000000
1.194409	0.358514	0.611170	1.000000
2.392201	2.774383	1.474849	1.000000
2.718945	0.817032	1.895166	1.000000
1.438124	3.524532	2.717955	1.000000
2.264004	5.493731	3.132183	1.000000
2.715578	5.092515	5.032930	1.000000
3.233181	3.937833	5.049126	1.000000
1.849328	5.424164	5.602932	1.000000
3.141289	4.358505	1.124056	1.000000
1.056221	4.093676	4.229161	1.000000
0.439236	3.273095	2.484696	1.000000
2.524148	3.713858	1.799088	1.000000
5.343610	5.140281	3.626690	1.000000
0.414978	5.208174	2.862121	1.000000
1.054151	3.332235	0.441083	1.000000
2.824036	5.697269	0.172695	1.000000
2.697734	2.170826	3.958348	1.000000
5.555088	2.341646	5.150709	1.000000
2.433602	1.252661	4.590296	1.000000
2.194909	0.436815	0.987229	1.000000
3.655627	2.662123	3.967100	1.000000
5.247778	1.960885	3.248066	1.000000
0.167561	0.438577	1.403148	1.000000
1.608186	1.517390	4.017598	1.000000
4.102828	2.124336	2.794905	1.000000
4.532811	4.248369	2.630189	1.000000
3.372747	1.424717	2.747693	1.000000
4.113970	1.447977	2.016238	1.000000
0.231361	4.274955	0.354421	1.000000
4.194671	4.630687	1.126784	1.000000
2.044576	3.091725	5.322155	1.000000
3.922434	2.606214	0.247260	1.000000
1.354314	2.952515	4.229143	1.000000
3.573415	4.266194	2.239833	1.000000
2.279888	2.090728	0.004373	1.000000
