172
0.000000 5.711534
0.000000 5.711534
0.000000 5.711534
1.598120	3.267321	5.504640	1.000000
2.237453	1.492062	2.561857	1.000000
2.515199	4.897907	0.505697	1.000000
5.576230	3.866247	3.832560	1.000000
3.784248	3.405310	2.251340	1.000000
3.386745	4.349943	2.429482	1.000000
3.488436	2.471622	2.684752	1.000000
3.620114	1.763089	1.726450	1.000000
4.174277	1.812369	3.012184	1.000000
2.459285	0.859022	4.369781	1.000000
4.213719	1.790441	0.849463	1.000000
4.940353	0.218448	1.300985	1.000000
1.819639	0.220917	3.927833	1.000000
2.324509	4.550774	2.656473	1.000000
3.228115	2.037009	0.755622	1.000000
0.856315	4.006129	5.378007	1.000000
2.078528	4.718400	1.564306	1.000000
3.385019	2.327624	3.682168	1.000000
1.007198	0.125166	3.008306	1.000000
0.554190	1.682030	3.216317	1.000000
4.218675	5.373993	4.342027	1.000000
0.834106	2.578002	3.858440	1.000000
1.483391	0.439608	4.856892	1.000000
3.877582	1.526763	4.477802	1.000000
2.682544	1.399232	1.624214	1.000000
3.176142	0.135065	3.847044	1.000000
1.486456	0.463837	2.190460	1.000000
1.036647	3.907302	2.176195	1.000000
3.669549	4.622238	5.378541	1.000000
4.895322	4.735300	3.508627	1.000000
1.910189	5.351046	5.528171	1.000000
1.237391	5.566760	1.071493	1.000000
2.632900	0.623004	2.984689	1.000000
1.330816	4.642097	0.548433	1.000000
0.709064	3.186919	2.848008	1.000000
5.402296	2.074590	0.424813	1.000000
2.253234	2.877837	3.401741	1.000000
3.032988	5.610358	5.599318	1.000000
4.794163	0.982030	2.819557	1.000000
3.055226	5.164845	1.467187	1.000000
2.798399	3.964343	4.848351	1.000000
2.475032	5.473093	4.665577	1.000000
3.447310	1.068272	0.473825	1.000000
5.273251	0.924815	0.026556	1.000000
3.658860	5.711446	0.753625	1.000000
2.600228	1.826164	5.451977	1.000000
3.520059	4.713797	0.688567	1.000000
0.519831	5.648317	1.877752	1.000000
2.022429	5.524395	2.764376	1.000000
3.920561	3.121691	1.255368	1.000000
3.461731	0.694730	1.481314	1.000000
0.176362	5.187057	3.766494	1.000000
1.934340	2.357915	0.379983	1.000000
4.384460	2.393606	3.819278	1.000000
1.860448	1.567798	4.817256	1.000000
4.203410	3.873498	0.578725	1.000000
5.301511	1.883631	2.704345	1.000000
5.203922	1.223270	1.098165	1.000000
5.215679	5.064753	1.746700	1.000000
2.448498	0.269646	0.846278	1.000000
4.752358	4.463990	4.509631	1.000000
1.980235	4.605905	4.369157	1.000000
0.504747	3.155883	1.516898	1.000000
0.724065	2.573712	0.546999	1.000000
4.678849	1.046379	3.855617	1.000000
0.600403	1.484938	0.495987	1.000000
5.461057	0.711574	2.078051	1.000000
4.860633	3.220226	4.497031	1.000000
1.061676	4.921012	2.490104	1.000000
2.739833	2.909369	5.258857	1.000000
1.613114	1.435809	0.146049	1.000000
4.382410	4.186513	2.571779	1.000000
2.360823	2.537390	2.449447	1.000000
1.295479	0.472653	0.278146	1.000000
0.638226	0.966181	2.500823	1.000000
4.722840	3.462158	1.857362	1.000000
4.522369	2.259409	1.791415	1.000000
2.987748	2.868843	1.702647	1.000000
0.132123	5.239476	2.735959	1.000000
4.926436	2.622039	5.444056	1.000000
2.603383	3.988766	3.696224	1.000000
2.522266	1.804077	3.468842	1.000000
3.415880	0.752258	5.145853	1.000000
0.348099	0.000118	5.693128	1.000000
4.086542	4.179363	1.525767	1.000000
2.479361	1.322533	0.638031	1.000000
4.486268	2.938043	2.896260	1.000000
2.906053	4.057623	1.432786	1.000000
1.739974	3.519049	2.808143	1.000000
2.138126	2.405917	1.407136	1.000000
0.628234	0.960726	5.244302	1.000000
3.731543	0.363968	2.477739	1.000000
1.044863	4.661027	1.516438	1.000000
5.381276	1.854876	3.726179	1.000000
5.509406	2.833467	3.359463	1.000000
5.705356	2.656637	4.579464	1.000000
0.413050	1.261562	1.556128	1.000000
0.222469	5.149006	0.932677	1.000000
5.091667	5.622300	0.348035	1.000000
4.157610	5.043602	2.028449	1.000000
0.206620	3.124978	5.573955	1.000000
3.285961	1.269499	2.586603	1.000000
0.807809	4.268630	4.272381	1.000000
2.125058	3.971311	0.628164	1.000000
3.677596	1.899776	5.535235	1.000000
4.815591	5.656966	2.480476	1.000000
1.512043	1.740976	3.813706	1.000000
3.744810	2.512633	4.731738	1.000000
1.004871	4.947803	5.061711	1.000000
4.416871	0.764170	0.608420	1.000000
1.214408	3.562769	3.661549	1.000000
0.217370	0.513834	0.914294	1.000000
4.685969	4.648840	5.490521	1.000000
5.596904	1.001533	4.453296	1.000000
5.205557	0.069037	5.060651	1.000000
4.612321	3.717862	3.579671	1.000000
0.864137	2.101608	5.352461	1.000000
3.167487	3.631776	0.136201	1.000000
1.996006	3.751654	1.808757	1.000000
0.950455	0.726188	3.899459	1.000000
4.526448	0.883172	5.064342	1.000000
2.862152	3.133648	4.208024	1.000000
1.917766	3.550982	4.422814	1.000000
0.339591	3.743579	0.716670	1.000000
3.239284	4.881299	4.388969	1.000000
2.351492	0.710314	5.487658	1.000000
3.955567	2.844698	0.223307	1.000000
1.435980	2.348391	2.992902	1.000000
0.087227	4.524804	0.066406	1.000000
2.563226	0.351274	1.855180	1.000000
1.650243	2.582928	4.753567	1.000000
5.105419	0.100207	3.942992	1.000000
1.926889	4.213302	5.327211	1.000000
5.660370	4.923737	4.736351	1.000000
4.437868	0.934519	1.872019	1.000000
4.078411	5.379684	3.186925	1.000000
5.658373	1.718159	5.208832	1.000000
5.682750	4.210909	2.009925	1.000000
1.355402	1.858386	1.051849	1.000000
1.307294	1.638972	2.050589	1.000000
1.478998	1.043422	3.043495	1.000000
1.548403	4.520905	3.303885	1.000000
4.186196	3.603993	5.236135	1.000000
4.494240	5.044708	1.034172	1.000000
0.444398	0.103419	4.565577	1.000000
3.017423	5.357290	2.590858	1.000000
4.089114	5.516975	5.575560	1.000000
5.227110	4.310266	0.903377	1.000000
2.490580	5.054761	3.634787	1.000000
5.664488	0.470034	3.143443	1.000000
5.282995	3.657657	2.760941	1.000000
0.849682	3.261835	4.619423	1.000000
3.837239	4.351345	3.449924	1.000000
2.741587	3.570058	2.595974	1.000000
3.769476	3.670637	4.284534	1.000000
4.847606	2.843490	0.846093	1.000000
1.389684	3.289651	0.869096	1.000000
5.413062	2.795467	2.224486	1.000000
2.578953	3.057469	0.781652	1.000000
0.577914	2.259994	2.342527	1.000000
1.138966	5.195254	4.087550	1.000000
0.448224	4.335042	3.053563	1.000000
5.071977	3.631008	0.095443	1.000000
0.741522	1.570102	4.442275	1.000000
1.497178	0.843856	1.188024	1.000000
5.559912	3.857475	4.962131	1.000000
3.472410	3.368077	3.372691	1.000000
4.791826	1.926480	4.647751	1.000000
2.789881	2.178682	4.507708	1.000000
0.089021	2.255508	1.330342	1.000000
1.380831	2.961593	2.053197	1.000000
3.683924	1.016339	3.579968	1.000000
