172
0.000000 5.737859
0.000000 5.737859
0.000000 5.737859
3.766995	4.693282	3.513687	1.000000
4.247395	1.484460	4.748710	1.000000
2.274639	3.949717	3.785370	1.000000
1.706509	2.548794	2.904321	1.000000
5.611003	1.235805	2.335031	1.000000
2.544533	0.855148	2.839736	1.000000
2.669552	4.953233	4.059262	1.000000
1.180336	3.427401	5.075215	1.000000
1.226294	1.662659	2.810810	1.000000
0.562618	2.715718	5.457000	1.000000
0.591334	3.108972	3.224346	1.000000
0.346338	0.928205	4.474260	1.000000
1.614281	2.419564	4.630756	1.000000
5.586577	3.870235	1.962603	1.000000
3.335475	2.782915	0.794135	1.000000
1.689107	1.146088	0.158107	1.000000
3.013455	4.056294	0.419548	1.000000
0.679992	1.973874	4.602563	1.000000
1.643615	4.819679	1.686456	1.000000
2.515570	0.876512	4.623900	1.000000
3.430521	2.813456	2.226066	1.000000
0.695876	2.970303	1.256552	1.000000
3.102358	1.096999	3.655017	1.000000
0.019843	3.619989	5.177223	1.000000
1.106543	2.251194	3.719553	1.000000
3.282673	5.003656	2.446323	1.000000
5.343820	0.135310	3.461432	1.000000
4.493385	2.734042	0.589680	1.000000
4.459149	4.863454	4.863182	1.000000
4.544439	5.605028	1.766409	1.000000
1.248977	5.395869	2.517505	1.000000
0.950391	4.901904	0.947644	1.000000
2.106150	1.861593	2.275873	1.000000
3.668139	4.737211	5.559680	1.000000
4.353136	2.906631	2.629004	1.000000
1.657560	3.125724	3.846507	1.000000
5.421963	0.251198	5.600269	1.000000
4.453401	5.449603	3.808017	1.000000
3.465766	5.541240	1.392926	1.000000
2.129543	1.538043	1.323967	1.000000
0.778939	4.916234	4.216280	1.000000
3.811499	2.382020	4.868864	1.000000
5.045965	1.925181	0.995999	1.000000
1.998045	4.456555	0.750655	1.000000
0.333928	5.595874	4.856995	1.000000
4.285612	1.046382	0.104768	1.000000
4.062639	3.907904	0.396148	1.000000
4.700999	0.225546	0.829321	1.000000
0.893643	4.055092	1.563246	1.000000
3.654638	4.326355	4.504758	1.000000
5.637829	0.240342	2.194806	1.000000
5.435388	4.629627	4.955223	1.000000
2.568666	0.556855	0.839100	1.000000
1.936544	4.549339	2.790480	1.000000
2.359591	5.552115	1.889301	1.000000
1.199408	1.936652	5.510428	1.000000
1.611113	0.730892	2.196040	1.000000
1.102499	1.415781	1.626040	1.000000
4.634591	5.105600	0.119900	1.000000
3.183888	1.676172	4.510296	1.000000
5.113594	2.107415	2.242173	1.000000
5.136199	4.877538	2.165385	1.000000
5.188079	2.826471	1.479717	1.000000
0.002579	4.015923	4.165610	1.000000
3.437939	0.910728	1.272641	1.000000
3.144760	1.870249	1.357597	1.000000
0.211890	1.858163	1.471861	1.000000
4.793024	3.435495	5.547606	1.000000
2.146985	5.577845	4.784002	1.000000
5.093306	0.986759	4.989602	1.000000
4.014926	1.700291	3.768042	1.000000
3.516136	5.677981	3.368929	1.000000
1.154844	2.371764	2.059697	1.000000
3.071171	5.704271	5.172648	1.000000
2.134300	1.567213	3.457576	1.000000
1.268734	5.029600	5.521870	1.000000
3.620796	0.589101	4.518336	1.000000
3.770232	3.059905	5.671225	1.000000
2.433188	2.096428	0.521565	1.000000
3.115377	3.514554	4.158257	1.000000
0.304120	2.062161	2.879869	1.000000
5.084737	0.051330	4.628792	1.000000
5.419187	1.761933	4.386726	1.000000
3.025402	0.967457	5.599824	1.000000
3.646518	3.579684	3.227720	1.000000
3.689807	0.248942	0.425091	1.000000
4.251055	0.134996	5.264080	1.000000
5.472660	2.792960	0.331776	1.000000
2.471889	0.240719	3.834505	1.000000
0.733418	4.178071	5.662116	1.000000
0.378211	5.056379	2.010426	1.000000
1.272583	0.464313	4.930778	1.000000
4.129722	3.426175	1.680349	1.000000
5.599228	4.295977	3.057559	1.000000
4.264596	3.402219	4.477715	1.000000
2.142270	3.483788	4.698866	1.000000
1.479426	2.436641	0.930974	1.000000
0.048838	5.073684	0.057363	1.000000
5.602476	1.279025	3.512202	1.000000
3.913638	4.851591	0.798577	1.000000
1.773057	4.423627	4.537932	1.000000
5.353221	4.814233	1.129713	1.000000
1.021970	4.297798	3.170601	1.000000
4.730870	1.932354	5.563956	1.000000
4.080032	1.623153	0.896568	1.000000
4.234155	2.389930	1.741312	1.000000
1.649969	3.292535	1.462534	1.000000
4.727114	3.460187	3.448235	1.000000
1.728330	5.045861	3.649451	1.000000
4.726940	1.235678	2.817699	1.000000
3.780295	0.838549	2.916822	1.000000
0.714263	0.770457	2.636730	1.000000
5.248298	2.648353	5.052260	1.000000
0.433197	1.014627	0.928289	1.000000
0.557401	2.186652	0.573808	1.000000
4.849266	3.866021	1.087536	1.000000
2.331690	3.107307	0.753528	1.000000
5.388274	2.943344	2.754552	1.000000
4.762976	4.245043	4.126126	1.000000
0.752866	0.163641	3.854189	1.000000
4.279589	5.074638	2.689984	1.000000
2.896273	4.265525	3.066671	1.000000
3.121549	3.637827	1.403157	1.000000
2.538274	2.831619	3.470882	1.000000
2.964964	1.959070	3.034906	1.000000
1.550143	0.434214	3.250116	1.000000
1.730617	2.780650	0.002075	1.000000
5.468048	2.792872	3.769412	1.000000
0.589549	0.968001	5.585179	1.000000
3.579925	5.307122	4.304900	1.000000
0.754555	0.234365	1.597327	1.000000
5.268200	1.140507	0.405282	1.000000
5.239785	0.850521	1.428942	1.000000
4.689811	0.826016	3.790045	1.000000
1.907891	5.468685	0.926056	1.000000
4.619483	2.370317	4.252024	1.000000
2.767213	2.818175	5.593229	1.000000
0.840299	0.152434	0.380601	1.000000
2.531138	2.585049	1.714756	1.000000
3.200947	0.324448	2.244914	1.000000
1.617856	3.494148	2.581459	1.000000
2.356385	5.501075	2.932975	1.000000
2.625337	4.675214	5.018855	1.000000
3.139251	3.736974	5.172254	1.000000
1.894298	0.137689	5.734554	1.000000
2.923386	4.673289	1.431581	1.000000
0.999532	3.890464	4.184918	1.000000
0.689488	3.279524	2.210267	1.000000
2.609883	3.314607	2.569914	1.000000
5.544911	4.993738	3.939704	1.000000
0.413536	5.270912	3.055206	1.000000
1.392237	3.605559	0.521262	1.000000
2.798341	5.180237	0.327872	1.000000
2.628905	2.603159	4.469295	1.000000
0.025372	1.869714	5.473998	1.000000
1.526911	1.423249	4.462959	1.000000
1.565157	0.657118	1.131041	1.000000
3.529635	2.644838	3.612326	1.000000
4.843303	2.125348	3.279337	1.000000
5.690799	5.713742	0.830675	1.000000
0.854059	1.183853	3.631572	1.000000
3.909151	1.874071	2.690907	1.000000
4.624683	4.029254	2.577571	1.000000
3.158294	1.372479	2.236169	1.000000
4.298615	1.301008	1.897398	1.000000
5.547219	4.033105	0.345802	1.000000
4.332024	4.523596	1.674387	1.000000
1.927444	4.085586	5.549536	1.000000
3.528124	1.871793	5.718022	1.000000
0.438897	3.080480	4.419753	1.000000
3.540706	3.997593	2.307877	1.000000
2.183464	1.903402	5.298307	1.000000
