172
0.000000 5.923337
0.000000 5.923337
0.000000 5.923337
3.316575	3.878767	0.640222	1.000000
1.073832	0.990957	0.758715	1.000000
2.310505	3.933859	0.578937	1.000000
4.042574	4.551594	4.523308	1.000000
0.774677	0.289736	0.050488	1.000000
3.607935	0.460632	5.113838	1.000000
0.837968	4.775464	1.619041	1.000000
0.505949	1.640777	4.128072	1.000000
2.093154	1.083359	0.998298	1.000000
3.909999	2.131926	4.025484	1.000000
4.892669	3.062079	5.835546	1.000000
0.848701	2.575516	3.673249	1.000000
2.543178	2.212721	0.929352	1.000000
4.354561	1.073561	4.803830	1.000000
4.960900	5.083481	0.296083	1.000000
1.724132	5.452459	2.321869	1.000000
2.694786	2.977044	0.292434	1.000000
5.383978	1.700912	1.297642	1.000000
2.279373	4.920555	5.491655	1.000000
3.085915	4.182772	4.796850	1.000000
3.624482	4.819580	5.443545	1.000000
5.762580	0.074804	0.456337	1.000000
0.801446	5.574931	0.852027	1.000000
4.165987	4.450388	0.341380	1.000000
3.445123	3.669667	1.947039	1.000000
0.896524	5.489918	3.916322	1.000000
3.073837	0.299845	1.999554	1.000000
0.184814	1.720296	5.144103	1.000000
0.999839	0.314862	1.757171	1.000000
2.865240	5.747934	1.027559	1.000000
3.860533	5.562594	0.645066	1.000000
0.065862	1.069534	0.199154	1.000000
1.775764	2.083465	0.217380	1.000000
2.370757	2.750860	1.983594	1.000000
5.579056	1.033673	4.439158	1.000000
1.872542	2.082354	3.076847	1.000000
0.242678	4.329303	0.622510	1.000000
3.472748	1.529256	5.010661	1.000000
0.052695	2.106276	0.581469	1.000000
5.625244	4.033741	1.544787	1.000000
1.230988	3.571098	0.303403	1.000000
5.199888	1.715192	5.826443	1.000000
5.029662	3.931504	0.701262	1.000000
1.870753	3.626147	1.459599	1.000000
3.151376	5.703766	5.840419	1.000000
4.789184	2.883494	1.084355	1.000000
1.882970	2.936303	5.281268	1.000000
2.294398	0.301915	0.283492	1.000000
4.764862	4.801861	2.519657	1.000000
1.998845	0.163461	1.454287	1.000000
1.525425	5.467576	0.068973	1.000000
2.062166	4.149458	3.528658	1.000000
4.147182	0.336502	1.641984	1.000000
2.960531	5.198485	2.580402	1.000000
1.453814	1.541551	2.288723	1.000000
4.682490	4.907017	1.427166	1.000000
1.367730	1.867312	1.310047	1.000000
2.643319	1.309641	1.812997	1.000000
4.456060	1.227737	0.712311	1.000000
4.688816	3.184724	3.521954	1.000000
4.001999	3.117709	0.442936	1.000000
1.333371	2.808611	2.098090	1.000000
4.185484	2.861376	2.144809	1.000000
5.519125	3.345409	5.067480	1.000000
3.305731	2.888443	1.197957	1.000000
4.052809	2.026776	0.236623	1.000000
3.926103	3.578551	5.451213	1.000000
0.764552	3.639642	1.431453	1.000000
2.847748	4.790194	0.604807	1.000000
0.639309	4.846315	3.001992	1.000000
4.718791	0.231000	0.523511	1.000000
1.951015	4.883916	1.506027	1.000000
1.325421	4.520338	0.776112	1.000000
4.829073	0.041124	2.354787	1.000000
1.542016	0.339597	3.302036	1.000000
3.954313	5.251740	3.144304	1.000000
4.114809	0.509442	3.750747	1.000000
0.163713	0.843654	1.182813	1.000000
1.947000	0.603431	2.421932	1.000000
3.427455	1.568837	0.900721	1.000000
5.259746	0.202669	1.440528	1.000000
5.794374	2.924147	1.325775	1.000000
2.244642	0.084919	4.083703	1.000000
2.744316	1.657599	2.776987	1.000000
0.972988	3.886987	3.369356	1.000000
1.334241	2.856817	1.081888	1.000000
3.668474	0.256144	2.840935	1.000000
0.433939	2.144337	1.642177	1.000000
0.515453	3.411504	2.412892	1.000000
3.965884	5.222655	2.070309	1.000000
5.801433	3.099365	3.173038	1.000000
0.284843	2.226981	2.694177	1.000000
2.688952	4.205405	1.467807	1.000000
3.498114	3.774943	3.973648	1.000000
5.112340	2.004258	2.237317	1.000000
3.609604	4.585260	1.345257	1.000000
3.201763	4.777342	3.699748	1.000000
5.767429	5.564874	3.245067	1.000000
5.921535	4.772291	2.174461	1.000000
1.271412	5.059498	4.953867	1.000000
4.442988	2.023019	1.487815	1.000000
5.923182	5.912381	4.361158	1.000000
0.293548	1.257440	2.152405	1.000000
2.666969	0.201646	3.081566	1.000000
3.316596	2.370075	2.070766	1.000000
3.992314	2.586086	5.178989	1.000000
0.771233	1.404929	3.042357	1.000000
4.108252	2.462866	3.063375	1.000000
4.788004	1.180620	2.936122	1.000000
5.443696	1.883878	3.286882	1.000000
4.315183	3.796990	2.598148	1.000000
3.165689	2.996590	3.177706	1.000000
5.638920	2.532301	4.306034	1.000000
1.604966	3.347893	3.934381	1.000000
5.791839	5.130557	1.185509	1.000000
3.700366	1.429503	2.336720	1.000000
0.271758	4.120623	4.937110	1.000000
0.088721	4.922731	4.229455	1.000000
5.336818	3.231323	2.226013	1.000000
0.750893	5.869767	2.756835	1.000000
5.600917	4.214013	3.038984	1.000000
4.322044	4.192711	3.556001	1.000000
4.339689	3.744393	1.441337	1.000000
1.158155	4.264150	4.298540	1.000000
2.715179	1.275218	0.178424	1.000000
5.211833	0.556698	5.631141	1.000000
0.607560	0.627408	3.682351	1.000000
3.174649	0.553156	4.160479	1.000000
2.397766	1.263917	4.802976	1.000000
3.557273	1.233557	3.331645	1.000000
1.398492	0.248720	5.169224	1.000000
2.334992	1.104794	3.589445	1.000000
3.203411	2.762432	4.394528	1.000000
4.828876	1.049554	1.936681	1.000000
1.222464	4.139868	2.294779	1.000000
2.275290	4.019663	2.501477	1.000000
4.733861	2.035322	4.758799	1.000000
0.911792	3.126656	4.779649	1.000000
1.911295	2.379028	4.142462	1.000000
0.267796	3.498428	4.105640	1.000000
5.182844	5.109904	5.026227	1.000000
5.607224	0.666155	2.680875	1.000000
4.614332	4.336977	5.327605	1.000000
4.227789	3.219847	4.442082	1.000000
5.177558	0.508468	3.629965	1.000000
2.076030	5.186309	3.266004	1.000000
4.823256	0.180889	4.648273	1.000000
0.434063	0.729567	5.099051	1.000000
1.734965	1.113026	5.673234	1.000000
2.050719	4.853453	4.337409	1.000000
3.388929	5.434067	4.666676	1.000000
2.528759	0.204806	5.109320	1.000000
1.186223	2.180767	4.974742	1.000000
4.371672	5.567255	5.403465	1.000000
1.484122	1.486832	3.982967	1.000000
2.709256	2.245350	5.377278	1.000000
3.526544	0.669139	0.259389	1.000000
4.863530	5.080601	3.852663	1.000000
0.425701	2.771359	5.672269	1.000000
2.847435	1.960150	3.906667	1.000000
4.673068	1.489579	3.889145	1.000000
5.195019	3.933632	4.128989	1.000000
5.587825	4.454775	5.710294	1.000000
1.726036	3.168488	2.948369	1.000000
0.860589	1.745354	5.898048	1.000000
0.841166	4.623177	5.756959	1.000000
1.383283	3.884988	5.283499	1.000000
2.439694	3.465817	4.488915	1.000000
0.254999	5.557871	5.419858	1.000000
2.527644	3.708310	5.545889	1.000000
3.484789	4.306953	2.855913	1.000000
5.784412	3.415594	0.292343	1.000000
