172
0.000000 5.756932
0.000000 5.756932
0.000000 5.756932
3.041993	4.602360	4.504705	1.000000
2.709615	3.067939	1.300250	1.000000
2.231826	4.012244	4.417964	1.000000
4.592335	3.507754	1.417394	1.000000
1.522372	4.394324	1.883105	1.000000
3.970567	0.354408	2.339115	1.000000
4.181977	0.091114	3.358547	1.000000
0.319500	2.523774	4.024872	1.000000
1.460016	4.291508	3.827069	1.000000
1.517578	2.113229	4.550290	1.000000
0.527525	5.264403	3.919676	1.000000
0.245229	0.467455	4.675359	1.000000
1.512834	2.168451	5.643961	1.000000
0.439501	5.260564	1.955536	1.000000
2.458262	0.191716	0.075592	1.000000
1.457726	0.618623	2.931085	1.000000
4.120940	5.533384	4.492549	1.000000
0.711194	1.895144	5.108893	1.000000
2.612541	4.133960	1.393631	1.000000
3.997622	3.938966	3.149614	1.000000
3.648702	2.688770	3.438754	1.000000
5.459564	1.873296	0.254509	1.000000
0.578186	1.426955	4.214237	1.000000
0.413717	4.808217	4.906147	1.000000
4.331065	1.726386	3.368431	1.000000
2.591587	0.371307	2.495291	1.000000
5.110306	4.751365	1.985214	1.000000
2.489543	2.999341	4.031059	1.000000
2.716213	2.342777	1.999495	1.000000
3.483086	0.172153	1.462045	1.000000
1.025226	4.759107	0.020765	1.000000
2.069413	1.216412	5.386763	1.000000
0.353332	3.412058	1.574178	1.000000
3.841799	0.746777	4.180687	1.000000
0.604894	1.091484	0.032695	1.000000
4.868431	2.390518	2.751556	1.000000
3.150646	5.576850	4.240885	1.000000
2.399483	1.334729	2.935020	1.000000
0.470784	0.623474	1.707587	1.000000
2.567085	2.153104	4.579478	1.000000
5.238143	3.052001	4.460847	1.000000
3.665542	2.282538	0.304370	1.000000
0.076195	2.227758	3.050611	1.000000
1.956287	2.913354	0.422093	1.000000
3.328675	4.797924	1.798182	1.000000
0.189748	4.088508	2.374911	1.000000
0.507765	0.147916	0.823606	1.000000
2.804708	4.999517	0.594762	1.000000
3.493124	0.937628	3.049869	1.000000
3.144071	4.334171	2.791892	1.000000
0.874657	2.929498	5.163447	1.000000
3.727748	2.155032	2.557902	1.000000
3.820983	5.127430	0.795551	1.000000
1.864795	3.846917	5.716559	1.000000
0.966922	1.459178	2.206794	1.000000
1.002376	2.579476	3.283860	1.000000
0.251675	5.624630	5.636921	1.000000
4.969120	3.959504	2.734020	1.000000
4.206644	4.545672	4.794886	1.000000
2.294270	3.354672	2.167178	1.000000
3.325950	3.678995	3.933137	1.000000
1.999762	3.106412	3.123061	1.000000
3.428083	1.266210	1.100545	1.000000
2.529425	4.772879	3.541989	1.000000
3.296649	5.174385	5.308629	1.000000
3.184579	1.330725	0.059886	1.000000
5.145041	0.952059	1.882331	1.000000
2.240514	0.307610	3.613559	1.000000
1.674068	5.188043	3.225462	1.000000
4.823851	4.212665	3.740204	1.000000
4.752601	4.978738	2.970174	1.000000
5.401152	3.177146	2.254355	1.000000
4.812423	2.509969	1.723104	1.000000
2.900710	1.347558	2.030885	1.000000
2.942402	2.973370	0.146436	1.000000
3.591600	4.746617	3.637443	1.000000
5.706240	1.918072	1.726053	1.000000
3.099467	0.615988	5.039440	1.000000
1.743517	1.830456	1.473374	1.000000
5.697797	2.910875	5.628016	1.000000
2.337810	5.231005	1.516290	1.000000
1.580602	1.004627	3.910328	1.000000
5.535719	2.120288	4.798109	1.000000
3.393493	3.587356	1.901828	1.000000
3.644346	1.789001	4.831892	1.000000
3.028845	3.341928	2.938322	1.000000
1.182485	0.046916	4.512246	1.000000
4.249043	2.534164	4.257718	1.000000
5.200387	0.124017	3.286298	1.000000
5.261211	3.664724	0.683894	1.000000
2.380412	5.030842	2.509568	1.000000
2.124143	0.186251	4.847421	1.000000
1.044385	4.984600	1.062081	1.000000
5.262096	5.197597	4.091343	1.000000
4.289705	0.543290	0.945610	1.000000
4.718652	0.893088	2.840881	1.000000
4.605984	3.082093	5.480657	1.000000
1.996590	5.077993	4.332768	1.000000
5.457658	4.791311	0.315548	1.000000
0.163653	4.487725	1.287193	1.000000
4.594397	4.479168	1.025588	1.000000
4.736465	1.173795	0.294337	1.000000
1.324160	3.227465	4.139035	1.000000
4.940418	0.420454	4.243877	1.000000
4.148354	0.603622	5.410729	1.000000
1.862004	2.186404	2.515925	1.000000
1.417841	1.377168	0.612133	1.000000
5.174321	5.508178	5.057061	1.000000
3.445734	1.657440	3.852428	1.000000
2.376924	1.101522	0.855693	1.000000
0.855774	1.491966	3.213690	1.000000
5.292255	5.475802	1.104425	1.000000
0.586093	0.479645	3.603180	1.000000
2.535109	2.089545	5.626233	1.000000
0.211895	0.905815	2.703312	1.000000
2.650434	2.156565	0.861045	1.000000
1.982908	5.054501	5.498440	1.000000
0.635915	2.624676	2.199327	1.000000
2.895797	3.628318	5.075098	1.000000
5.044097	0.194232	0.250344	1.000000
5.687022	1.068812	0.807269	1.000000
4.658192	1.977742	5.402955	1.000000
5.103643	5.743585	2.169335	1.000000
4.153626	4.213946	2.154375	1.000000
4.110051	3.144358	2.473200	1.000000
3.419318	0.289928	0.452120	1.000000
1.764660	3.629732	1.173709	1.000000
3.381579	5.327926	2.846097	1.000000
5.545603	1.188807	3.591398	1.000000
1.289740	0.116098	5.541348	1.000000
1.138024	0.972077	4.932396	1.000000
5.561936	2.646467	1.055314	1.000000
1.401229	5.566636	1.901959	1.000000
5.726734	3.215800	3.203923	1.000000
2.812667	4.011794	0.345554	1.000000
0.526425	3.848250	4.163735	1.000000
3.638579	2.902180	5.163502	1.000000
1.861581	4.518234	0.716402	1.000000
4.353003	3.531684	4.579318	1.000000
1.256148	2.769217	1.363118	1.000000
1.237707	4.232228	4.814447	1.000000
0.993533	4.565508	2.787613	1.000000
3.874773	3.379713	0.415540	1.000000
3.695718	4.246768	5.620887	1.000000
0.804082	2.984132	0.440932	1.000000
3.800148	2.818512	1.240231	1.000000
0.796020	5.575079	2.871432	1.000000
4.119122	1.398252	1.849122	1.000000
0.882497	3.974161	0.753038	1.000000
4.592378	3.192420	3.544204	1.000000
4.387564	5.206948	5.617448	1.000000
5.443356	1.039350	5.331324	1.000000
3.640097	4.164633	1.068254	1.000000
0.384887	3.912141	5.436231	1.000000
5.111735	2.225089	3.853091	1.000000
1.944400	1.994367	3.594286	1.000000
1.547818	0.308872	1.008399	1.000000
4.600595	2.510244	0.714946	1.000000
1.939247	4.155799	2.817783	1.000000
4.684222	4.177809	0.039648	1.000000
4.774678	1.356156	4.558708	1.000000
0.027692	4.556326	3.339424	1.000000
4.854888	1.639601	1.188539	1.000000
4.273546	5.266647	1.754055	1.000000
1.711157	0.811384	1.916963	1.000000
5.286902	4.219022	4.861252	1.000000
0.933353	3.654196	3.240842	1.000000
1.195843	3.499307	2.245245	1.000000
0.590228	1.966555	0.757432	1.000000
1.941924	3.022566	5.071978	1.000000
2.796067	2.281356	3.092851	1.000000
2.424031	1.154478	4.446611	1.000000
