172
0.000000 5.757993
0.000000 5.757993
0.000000 5.757993
1.694672	1.181149	3.863040	1.000000
2.102197	2.042978	4.833047	1.000000
2.646430	4.667991	5.028144	1.000000
1.332293	2.582339	1.097000	1.000000
5.354178	0.109406	0.017172	1.000000
3.359573	5.086326	3.096556	1.000000
4.975390	2.959293	4.824556	1.000000
0.871423	2.917129	5.623890	1.000000
5.145408	2.657255	2.615252	1.000000
4.474955	4.797038	5.548362	1.000000
1.128847	3.003224	2.078746	1.000000
5.742191	1.339398	0.655635	1.000000
0.574453	5.516730	4.721137	1.000000
4.145487	4.481238	2.683471	1.000000
3.834050	3.862277	1.457554	1.000000
1.452490	4.768240	4.941841	1.000000
2.531859	4.176282	0.167489	1.000000
4.813152	1.845145	4.247009	1.000000
0.456147	4.930844	2.156852	1.000000
0.910636	1.914749	5.683548	1.000000
3.996581	2.570677	2.625298	1.000000
0.083930	3.477341	1.552267	1.000000
2.295161	1.432466	0.212078	1.000000
4.736751	3.639320	5.556724	1.000000
2.975535	2.200052	3.054887	1.000000
2.508532	5.691562	4.989082	1.000000
2.925250	4.211352	4.063005	1.000000
5.241889	5.169067	1.568577	1.000000
4.393358	0.211479	5.420302	1.000000
4.258672	5.401869	3.515672	1.000000
1.509325	4.611599	0.422148	1.000000
1.040929	3.971933	2.375672	1.000000
2.776829	1.408819	3.685633	1.000000
3.559528	3.391622	3.987436	1.000000
5.579895	2.642334	3.591930	1.000000
1.061809	2.347392	4.782055	1.000000
5.495347	0.306589	4.758615	1.000000
3.655498	5.228976	5.168871	1.000000
5.163975	1.116886	2.322476	1.000000
0.657533	1.768823	1.281982	1.000000
2.453861	0.203733	3.708386	1.000000
4.168767	1.262067	5.212773	1.000000
4.751502	2.143320	5.359173	1.000000
5.443210	1.752222	1.536507	1.000000
4.635245	5.284366	0.678256	1.000000
3.813500	1.256238	0.389841	1.000000
4.259890	4.307613	0.663085	1.000000
0.217247	5.446597	0.693616	1.000000
1.222184	5.010855	3.933072	1.000000
5.221982	3.278084	0.763066	1.000000
4.650912	0.132461	2.520114	1.000000
0.873908	0.201852	3.737302	1.000000
4.752523	0.916839	0.521292	1.000000
2.739848	3.202488	3.321441	1.000000
1.064480	1.163716	2.740301	1.000000
4.813814	4.073815	4.556886	1.000000
0.396083	1.045999	1.964860	1.000000
0.296585	2.707493	0.946344	1.000000
4.442194	0.177578	1.470517	1.000000
2.303788	4.657880	1.225206	1.000000
0.006006	2.387038	0.034178	1.000000
3.880356	4.358112	3.766796	1.000000
5.076937	2.725780	1.589242	1.000000
1.354738	4.048573	1.407445	1.000000
3.818893	1.537221	2.697638	1.000000
2.545959	2.744430	0.806079	1.000000
0.249184	2.471846	1.983793	1.000000
5.739373	1.880863	4.647899	1.000000
2.204348	5.108992	4.227052	1.000000
1.827649	2.342177	3.781274	1.000000
2.579273	0.945230	4.659257	1.000000
4.333471	0.704725	3.302220	1.000000
2.078973	3.562918	2.133733	1.000000
1.517826	0.104175	5.010291	1.000000
5.529243	1.176519	3.923549	1.000000
0.591258	3.686290	0.669782	1.000000
3.058884	0.578645	0.205509	1.000000
3.390325	3.435035	0.535790	1.000000
2.342765	0.591532	1.153668	1.000000
1.766392	3.796460	5.368916	1.000000
4.602402	3.499996	2.103247	1.000000
4.030487	2.425956	4.555243	1.000000
3.541888	0.473141	4.126387	1.000000
1.676340	1.162100	5.096842	1.000000
5.614827	4.912580	5.491586	1.000000
2.303556	5.342547	0.380920	1.000000
3.527821	5.450853	0.436012	1.000000
4.043469	4.849657	1.576208	1.000000
1.500314	0.130593	0.727951	1.000000
0.256509	4.453353	1.246332	1.000000
0.960920	0.211490	2.366035	1.000000
0.148544	1.892557	2.854180	1.000000
1.699917	4.027073	4.227026	1.000000
0.324957	3.340475	2.887570	1.000000
4.297114	2.927088	0.452997	1.000000
1.933617	3.125529	4.610282	1.000000
2.274464	1.475550	2.758640	1.000000
0.854955	4.213983	5.527753	1.000000
4.577584	1.916286	2.132559	1.000000
3.340288	0.598250	3.012338	1.000000
2.748129	3.735087	1.357225	1.000000
5.053865	4.137529	1.470369	1.000000
4.938848	4.491878	3.580993	1.000000
1.700558	3.430593	0.605362	1.000000
4.892908	2.093628	0.608035	1.000000
4.118124	1.472435	1.347555	1.000000
1.666077	3.873203	3.210109	1.000000
5.056383	3.601478	3.124753	1.000000
2.127807	4.853929	3.257027	1.000000
3.868848	0.732329	2.089688	1.000000
1.878856	2.802004	2.769737	1.000000
1.421509	1.279462	0.844027	1.000000
0.546627	4.481321	4.574884	1.000000
5.251424	1.192082	5.369358	1.000000
0.637988	0.984279	4.769089	1.000000
5.088455	4.979616	2.680539	1.000000
1.741927	2.440081	0.154988	1.000000
3.737413	2.812657	1.616465	1.000000
5.330140	4.326283	0.510355	1.000000
1.650924	0.353393	3.125325	1.000000
4.460395	5.474061	4.513339	1.000000
4.006667	3.523045	2.965818	1.000000
2.256234	2.501071	1.777093	1.000000
0.985388	3.566205	4.763851	1.000000
3.083228	3.241027	2.306049	1.000000
3.048101	2.446976	4.324191	1.000000
3.444447	2.076858	0.910414	1.000000
0.638752	1.697716	3.882787	1.000000
0.974265	5.309554	5.674302	1.000000
3.477822	0.460361	1.193338	1.000000
0.602363	0.555110	1.031781	1.000000
4.599554	0.705999	4.274122	1.000000
1.128718	5.143343	1.418773	1.000000
5.259855	0.104430	3.774146	1.000000
2.507387	5.719922	2.624338	1.000000
3.547603	1.554047	4.452205	1.000000
2.689480	2.736230	5.261882	1.000000
1.816157	5.749161	1.886220	1.000000
2.391503	1.668900	1.224304	1.000000
5.308924	0.674890	1.399951	1.000000
1.716635	1.005571	1.952591	1.000000
3.413105	5.141967	4.191433	1.000000
2.837899	3.685401	4.918612	1.000000
3.480667	4.242392	5.515198	1.000000
0.844180	0.656717	5.714291	1.000000
2.864981	0.906469	2.144989	1.000000
5.470820	5.048744	4.423549	1.000000
0.430432	4.393246	3.529966	1.000000
2.047414	4.615636	2.252132	1.000000
1.205326	5.035151	2.913406	1.000000
5.604166	4.083619	2.386812	1.000000
1.401780	2.026714	2.164624	1.000000
2.935788	4.107585	2.937366	1.000000
3.861260	2.114272	3.577915	1.000000
3.883180	3.357130	5.041687	1.000000
4.749094	1.640965	3.216210	1.000000
3.130361	1.532239	5.388270	1.000000
4.616677	2.849220	3.827424	1.000000
2.820003	5.509537	1.466412	1.000000
5.707217	0.076571	2.182141	1.000000
0.227706	0.689323	3.034136	1.000000
0.906908	3.364495	3.785656	1.000000
3.306487	4.583116	0.932946	1.000000
0.926925	2.414913	3.235338	1.000000
3.235311	1.920117	1.954813	1.000000
0.259469	5.433026	3.085244	1.000000
3.548405	5.545510	2.184561	1.000000
5.724723	3.492424	5.333182	1.000000
3.695594	2.368892	5.507729	1.000000
0.236308	2.872138	4.566022	1.000000
3.017841	4.627490	1.928145	1.000000
5.696063	3.750602	4.137387	1.000000
