172
0.000000 5.748170
0.000000 5.748170
0.000000 5.748170
3.587632	2.659911	0.125053	1.000000
1.321953	3.439920	2.048697	1.000000
2.308414	5.218432	5.205550	1.000000
3.061318	4.736563	1.771729	1.000000
1.159764	4.025396	1.047554	1.000000
3.791888	0.349844	1.633522	1.000000
5.404355	0.954220	3.160680	1.000000
5.553709	2.739663	5.076476	1.000000
3.859623	4.259790	3.443454	1.000000
2.773552	2.784725	0.736370	1.000000
2.305558	5.280577	4.191719	1.000000
0.033172	0.589122	5.054782	1.000000
2.016508	2.114400	0.559642	1.000000
1.157340	5.059173	1.170864	1.000000
3.984471	0.064501	4.450086	1.000000
2.762208	0.391359	1.747684	1.000000
5.315797	4.679155	4.594072	1.000000
0.802749	2.117676	5.201451	1.000000
3.263831	5.501015	5.420750	1.000000
3.468251	3.457505	3.991932	1.000000
2.629246	2.317613	5.533896	1.000000
0.587568	1.881170	0.416297	1.000000
0.229973	3.212571	2.462855	1.000000
4.993820	0.054220	3.513384	1.000000
4.526861	1.676100	3.104015	1.000000
1.563490	0.990143	3.123765	1.000000
3.817251	4.133996	1.476837	1.000000
2.053760	3.597741	2.712981	1.000000
4.253885	1.609737	2.114807	1.000000
2.604355	1.036785	2.875672	1.000000
0.702436	3.259702	5.039210	1.000000
3.404896	0.839025	5.204262	1.000000
0.420544	2.133680	2.348004	1.000000
4.394745	4.964895	4.954986	1.000000
0.352107	5.288158	5.112662	1.000000
4.134136	2.575620	2.428306	1.000000
4.856409	4.293199	5.730134	1.000000
2.346550	1.622803	2.101686	1.000000
1.376458	0.240478	0.211212	1.000000
2.106359	2.366928	4.609936	1.000000
0.103251	3.238295	0.321463	1.000000
4.166043	1.337277	0.999668	1.000000
5.569583	4.984985	3.606072	1.000000
2.180511	3.210025	5.724402	1.000000
4.194448	5.162479	0.239890	1.000000
5.221401	4.111449	2.594110	1.000000
0.438216	5.346884	0.509255	1.000000
3.936875	3.899228	0.498410	1.000000
4.590604	0.574798	2.582567	1.000000
0.690779	5.612987	2.029599	1.000000
0.257167	2.900476	3.857453	1.000000
4.349358	2.399145	1.394523	1.000000
3.512493	4.513157	5.093937	1.000000
3.236416	4.844016	0.450464	1.000000
0.600221	1.609133	1.469998	1.000000
5.061306	5.110385	2.738197	1.000000
1.104656	5.218169	3.988061	1.000000
3.168336	4.059291	2.665048	1.000000
0.162056	3.816605	3.286131	1.000000
2.019745	3.407668	0.988608	1.000000
4.181942	4.041531	4.379678	1.000000
1.159566	2.113306	3.356712	1.000000
3.337583	1.233756	1.751424	1.000000
3.351383	5.100727	4.115726	1.000000
4.501967	5.016873	3.961014	1.000000
4.006256	2.619712	4.906733	1.000000
0.563449	1.100881	2.397871	1.000000
2.031299	2.592938	2.716897	1.000000
3.112331	0.379312	3.509019	1.000000
4.245312	4.495938	2.376553	1.000000
0.291092	0.019163	4.220513	1.000000
3.105468	2.813506	3.041147	1.000000
4.506000	3.477616	1.861082	1.000000
3.348047	3.171752	2.135021	1.000000
3.378118	2.005389	1.115421	1.000000
0.451434	0.141653	3.057723	1.000000
4.167110	2.562293	3.555594	1.000000
3.496397	1.652534	3.484940	1.000000
2.335599	5.453795	0.673928	1.000000
1.463646	1.343357	0.233460	1.000000
3.155191	5.700418	2.581092	1.000000
2.301710	1.436801	5.094902	1.000000
5.309828	5.238500	5.728484	1.000000
2.392907	5.000934	2.478721	1.000000
3.164226	1.846197	4.792341	1.000000
2.163892	3.494061	3.851267	1.000000
2.128131	4.247120	0.095306	1.000000
4.974407	3.206016	3.923493	1.000000
1.014892	0.675527	3.940233	1.000000
5.085275	1.660225	1.323426	1.000000
2.740778	4.649307	3.440795	1.000000
0.519178	4.376491	4.507884	1.000000
1.138546	2.694403	0.209195	1.000000
5.507511	3.726002	4.893253	1.000000
4.748844	4.699646	1.168856	1.000000
5.302941	1.606984	2.325396	1.000000
4.956500	4.179771	3.561756	1.000000
1.326609	5.198387	2.922868	1.000000
4.019120	0.405668	0.584004	1.000000
1.185306	5.004928	5.681234	1.000000
4.633014	2.363883	0.430137	1.000000
3.017780	0.511480	0.695509	1.000000
1.097330	3.719118	3.897414	1.000000
0.934010	1.066524	5.152542	1.000000
4.121672	5.300561	3.048301	1.000000
2.294861	1.872418	3.512744	1.000000
0.357949	0.620810	0.298477	1.000000
5.204380	0.845169	4.173938	1.000000
3.230244	1.983506	2.470010	1.000000
2.830535	1.461884	0.294729	1.000000
1.205657	2.735812	4.345522	1.000000
0.452782	4.327721	5.584545	1.000000
5.743513	1.894067	3.266296	1.000000
3.950025	1.511994	5.708172	1.000000
1.761916	0.604041	2.099068	1.000000
2.430504	2.736522	1.789085	1.000000
2.343575	0.453173	5.426163	1.000000
5.405984	3.999850	1.587808	1.000000
3.118385	3.737381	5.626493	1.000000
5.129069	1.473623	0.319551	1.000000
5.336306	0.162958	0.791040	1.000000
4.629107	5.496750	1.866734	1.000000
5.515264	0.152479	2.291041	1.000000
2.808271	4.180670	4.458708	1.000000
3.732375	3.161186	1.184681	1.000000
3.840498	5.145190	1.292618	1.000000
2.963653	3.762946	0.875473	1.000000
4.079985	0.766772	3.596111	1.000000
2.774170	1.178554	4.109657	1.000000
2.968809	0.244225	4.514606	1.000000
1.977655	0.506010	4.261361	1.000000
1.649155	1.473488	1.399168	1.000000
1.991909	5.401103	1.651789	1.000000
5.215152	2.855884	3.017765	1.000000
1.569239	4.581243	4.772774	1.000000
1.589605	4.492589	1.976091	1.000000
3.069407	3.033938	4.914996	1.000000
1.241322	3.736909	0.035937	1.000000
1.772900	3.595486	4.888372	1.000000
1.128580	3.080165	2.993325	1.000000
1.387656	5.667419	4.863428	1.000000
1.081468	4.132006	2.832867	1.000000
4.849043	3.339926	0.873353	1.000000
4.418228	3.304195	5.599176	1.000000
0.027030	2.383466	1.120807	1.000000
5.655091	1.646713	5.191821	1.000000
1.146807	0.371639	1.259727	1.000000
0.199862	0.670229	1.435360	1.000000
5.596401	5.153934	1.443824	1.000000
3.154073	2.487065	3.998752	1.000000
5.094648	5.662974	4.655391	1.000000
4.780870	0.807545	5.277236	1.000000
4.433808	3.496217	3.042587	1.000000
4.673786	1.880580	4.996970	1.000000
0.331375	1.653648	4.206052	1.000000
1.509138	1.577466	4.297173	1.000000
2.160135	4.503295	1.065527	1.000000
5.000988	1.934576	3.953071	1.000000
1.379712	1.850274	2.401371	1.000000
1.483385	2.567626	1.381497	1.000000
4.070603	1.479258	4.299423	1.000000
0.272474	4.774553	2.703122	1.000000
4.913219	0.683403	1.610354	1.000000
2.166540	0.126579	3.285948	1.000000
2.045867	0.736466	0.818797	1.000000
5.607785	4.486486	0.678554	1.000000
0.589696	4.351245	1.815397	1.000000
0.441959	3.352047	1.369841	1.000000
5.291378	2.586198	2.049397	1.000000
1.736967	4.427637	3.540400	1.000000
2.532251	3.756028	1.798771	1.000000
3.589027	0.867234	2.719006	1.000000
