172
0.000000 5.748872
0.000000 5.748872
0.000000 5.748872
3.352197	4.646786	4.301371	1.000000
2.797881	1.502391	4.903847	1.000000
2.155020	4.730690	2.787598	1.000000
2.880677	2.875075	1.351362	1.000000
0.817828	2.029421	1.987050	1.000000
2.920513	0.759760	2.718751	1.000000
2.540035	5.336136	4.407771	1.000000
1.901875	1.658868	4.433486	1.000000
1.762703	1.788962	3.200759	1.000000
0.825505	1.773817	0.122070	1.000000
0.812693	1.327886	2.957881	1.000000
1.399596	5.170704	4.836258	1.000000
2.023697	4.134969	4.895188	1.000000
4.915867	4.415266	3.060808	1.000000
2.248357	4.637334	1.112283	1.000000
0.561259	0.961129	2.030915	1.000000
3.138020	4.395320	5.291696	1.000000
1.227822	0.458396	5.347092	1.000000
3.074750	3.880533	0.741398	1.000000
3.236771	0.016724	3.534463	1.000000
3.043835	2.963620	2.840965	1.000000
5.213736	2.523189	0.335723	1.000000
2.249465	0.907319	3.516849	1.000000
0.905053	3.341082	4.788678	1.000000
0.598374	2.326035	0.929952	1.000000
3.852223	4.400713	1.167710	1.000000
4.104195	5.183239	2.108103	1.000000
3.678014	1.381833	0.153265	1.000000
3.858053	1.431049	2.601740	1.000000
4.885268	1.202836	2.849530	1.000000
0.551894	4.484099	1.310271	1.000000
1.539541	5.601673	1.007457	1.000000
1.479178	3.410789	1.975900	1.000000
3.804632	1.289816	4.907260	1.000000
5.187138	1.870428	1.198680	1.000000
2.261500	2.661426	3.484170	1.000000
2.499229	5.343502	5.425006	1.000000
4.042474	4.972574	3.124476	1.000000
3.558064	5.464999	1.315040	1.000000
2.994409	0.666893	5.507488	1.000000
1.167122	4.233029	4.233269	1.000000
4.358643	2.311511	0.823598	1.000000
5.512442	1.410100	0.360922	1.000000
1.409196	4.085055	0.902444	1.000000
4.395200	0.526608	4.500066	1.000000
4.033734	0.438794	5.532047	1.000000
3.358267	2.251852	5.356858	1.000000
3.735848	0.553470	0.738356	1.000000
5.008311	2.270823	3.016820	1.000000
4.167233	5.315367	4.102431	1.000000
5.062313	4.937197	1.762712	1.000000
4.980628	0.302345	0.143823	1.000000
1.881022	4.583136	0.142860	1.000000
3.057151	4.610476	3.329247	1.000000
2.624454	0.378888	1.834370	1.000000
0.930677	1.361497	4.594797	1.000000
0.210822	0.555985	4.022286	1.000000
2.343088	1.602829	1.693903	1.000000
4.841835	0.188347	3.654093	1.000000
2.961941	1.582231	3.913105	1.000000
5.005524	3.230826	2.529884	1.000000
4.391576	4.176814	2.039988	1.000000
0.590925	1.318246	1.070542	1.000000
1.699435	5.440002	3.748893	1.000000
3.331813	1.974113	0.929967	1.000000
4.394873	2.184222	5.483013	1.000000
5.703544	1.789913	2.459614	1.000000
4.647742	5.739806	1.198555	1.000000
2.132911	4.527074	3.811724	1.000000
4.711327	1.318493	3.935780	1.000000
4.889120	3.165740	3.602462	1.000000
2.100732	5.277122	1.885541	1.000000
2.747765	3.909085	2.562780	1.000000
3.826500	0.916163	3.530334	1.000000
2.511535	0.899468	0.978314	1.000000
1.698460	3.832717	2.997658	1.000000
2.783399	1.728349	2.935038	1.000000
3.403764	3.382423	5.622415	1.000000
2.678498	1.589418	0.154571	1.000000
2.831855	3.458808	4.751349	1.000000
0.073153	0.598604	2.903458	1.000000
5.470702	5.181511	3.399508	1.000000
0.554758	2.221516	4.991453	1.000000
1.471907	2.425508	5.377936	1.000000
3.858158	2.957624	3.608489	1.000000
3.329253	1.095294	1.673272	1.000000
5.070610	4.479538	0.013853	1.000000
5.460469	3.604171	5.474508	1.000000
3.181560	0.557540	4.477055	1.000000
2.277195	2.507224	0.608905	1.000000
5.577898	3.994765	2.210060	1.000000
0.859482	5.371651	0.246326	1.000000
4.529073	3.392771	0.280536	1.000000
0.220858	4.330693	3.868874	1.000000
4.465817	4.138945	4.922310	1.000000
3.100688	2.603217	4.166494	1.000000
1.282176	3.034338	0.666376	1.000000
5.672858	5.372900	5.548112	1.000000
5.548252	1.602605	4.758878	1.000000
3.970606	4.259748	0.122838	1.000000
4.893946	4.150353	1.140981	1.000000
5.577739	5.047117	0.783347	1.000000
0.781922	3.937918	2.542960	1.000000
0.318070	0.922385	5.286897	1.000000
4.715125	0.987820	0.823677	1.000000
2.088549	2.442735	2.458166	1.000000
0.377545	4.486079	0.130989	1.000000
4.411643	4.333968	3.921361	1.000000
0.743922	5.648024	3.154857	1.000000
5.705712	1.511318	3.710352	1.000000
3.792692	1.945566	3.460901	1.000000
5.187821	5.748771	2.374203	1.000000
5.372469	3.759270	4.486882	1.000000
1.537362	1.719401	0.880021	1.000000
4.736544	1.183371	5.301803	1.000000
4.920527	3.184985	1.469379	1.000000
1.163293	3.882513	5.632964	1.000000
0.127886	2.902743	4.251296	1.000000
5.202241	4.839287	4.343862	1.000000
5.377604	0.158302	4.741952	1.000000
4.196978	0.624278	1.863327	1.000000
3.714490	3.698986	4.318540	1.000000
3.435222	3.557154	1.920311	1.000000
2.584781	3.584271	3.724244	1.000000
4.105470	2.424336	2.585257	1.000000
3.439088	5.374816	5.022870	1.000000
2.171118	3.621709	0.251096	1.000000
1.274790	2.350273	4.034128	1.000000
0.648977	5.344387	4.192734	1.000000
1.357116	0.507826	2.582571	1.000000
0.972732	5.518412	2.017778	1.000000
1.214227	0.702956	0.579304	1.000000
5.258686	0.862097	1.702385	1.000000
4.102876	2.226749	4.394328	1.000000
2.086634	0.317281	0.243040	1.000000
5.102141	2.258022	4.041321	1.000000
1.757398	1.351072	5.534286	1.000000
0.148802	0.474887	0.734888	1.000000
2.253762	3.653157	1.302654	1.000000
1.570619	0.945915	1.605351	1.000000
0.566716	3.471360	1.569182	1.000000
1.079512	4.694298	3.186080	1.000000
4.603433	5.216725	5.166159	1.000000
4.424836	3.135558	4.811711	1.000000
0.343049	4.394821	4.861807	1.000000
3.776066	3.858516	3.165983	1.000000
0.920094	3.397286	3.698884	1.000000
5.733833	2.685194	1.904028	1.000000
1.507026	4.423789	2.035975	1.000000
4.143288	0.189255	2.879786	1.000000
0.308011	4.866863	2.393862	1.000000
0.496297	2.971241	5.707299	1.000000
3.228928	4.894460	0.433949	1.000000
1.243015	2.828271	2.906250	1.000000
5.217249	2.556945	5.029586	1.000000
2.220307	0.019920	2.885301	1.000000
2.622705	5.597620	0.959297	1.000000
3.196746	2.073451	1.989622	1.000000
0.299642	2.458387	3.207835	1.000000
0.046529	5.658546	1.578835	1.000000
1.304184	0.647649	3.911376	1.000000
5.703978	3.578887	3.170466	1.000000
3.804635	3.206432	0.984068	1.000000
3.228711	5.509810	2.511345	1.000000
4.186420	1.600128	1.563895	1.000000
5.645333	3.591817	0.762203	1.000000
4.202776	5.295601	0.340610	1.000000
1.710847	2.508780	1.507241	1.000000
2.433113	2.762859	5.367964	1.000000
1.810059	3.160915	4.355957	1.000000
3.018540	4.776557	1.805945	1.000000
2.122688	0.602526	4.818053	1.000000
