172
0.000000 5.811675
0.000000 5.811675
0.000000 5.811675
3.149171	3.337250	0.087203	1.000000
0.863108	1.664709	0.317911	1.000000
2.039672	3.076110	4.970255	1.000000
3.572584	4.089404	5.341267	1.000000
1.520714	4.275096	0.359622	1.000000
3.703283	1.157368	4.333369	1.000000
0.167634	0.902926	2.196893	1.000000
0.540228	2.163137	4.283765	1.000000
2.653873	0.143863	3.499910	1.000000
3.798567	1.016698	0.835194	1.000000
3.121201	1.496992	5.216955	1.000000
5.515517	2.222621	4.994595	1.000000
2.561796	2.298149	1.438633	1.000000
3.133807	5.478423	1.189260	1.000000
4.194048	4.891214	5.040455	1.000000
0.792789	0.347759	1.598944	1.000000
4.642950	3.810664	5.154799	1.000000
5.723184	1.956632	1.893422	1.000000
3.014361	4.839556	4.882045	1.000000
3.039180	3.354963	3.762717	1.000000
4.164816	5.612291	0.128916	1.000000
4.838066	0.727073	0.369342	1.000000
5.399788	4.628172	4.866378	1.000000
4.828651	4.157933	4.182897	1.000000
2.960637	0.429363	4.446976	1.000000
3.653919	1.346095	2.379934	1.000000
2.091480	1.793470	2.260013	1.000000
0.675227	3.044735	3.789890	1.000000
4.846869	5.688234	2.525156	1.000000
2.723859	0.580616	0.915712	1.000000
2.500323	4.152493	5.707579	1.000000
1.871743	1.784741	0.122213	1.000000
4.600101	1.704720	5.467292	1.000000
3.581218	5.754887	5.067159	1.000000
5.134884	1.104079	4.868187	1.000000
4.037280	2.931934	1.856703	1.000000
0.026497	4.550499	0.512965	1.000000
1.291777	0.708686	0.549316	1.000000
1.060468	1.558114	1.480922	1.000000
2.866421	4.717056	1.820709	1.000000
1.621300	3.369182	1.153347	1.000000
4.795759	1.644982	0.872552	1.000000
0.190678	4.083570	4.180121	1.000000
2.220291	2.938851	0.473441	1.000000
3.137318	5.142716	0.230947	1.000000
4.436755	1.900550	1.976562	1.000000
5.323603	3.484029	0.819698	1.000000
3.386794	4.202174	0.572573	1.000000
5.627509	4.777191	2.438431	1.000000
1.660066	5.648920	1.510833	1.000000
0.460421	2.749265	0.079801	1.000000
5.328265	3.494245	3.572476	1.000000
3.337183	0.891662	3.400502	1.000000
3.513672	0.366474	1.870286	1.000000
1.356176	3.294254	2.887999	1.000000
0.186027	4.041890	3.016119	1.000000
1.243969	1.212519	2.727843	1.000000
2.563194	0.988909	2.718548	1.000000
0.431460	3.110356	4.914025	1.000000
3.057194	3.849249	2.800742	1.000000
5.562844	3.786307	5.615512	1.000000
0.930113	2.389717	2.264464	1.000000
3.277636	3.045410	1.099443	1.000000
1.191406	3.608584	4.465865	1.000000
2.892507	4.982930	2.827166	1.000000
2.717416	2.351275	5.631514	1.000000
4.354760	3.653054	0.367443	1.000000
2.088438	3.776055	1.986421	1.000000
3.319741	5.142672	3.721506	1.000000
5.078131	4.956136	1.613214	1.000000
4.207248	0.826086	5.191617	1.000000
1.264009	4.375020	1.437179	1.000000
3.585006	3.956147	1.754542	1.000000
4.243686	4.889952	2.905696	1.000000
2.329113	2.668094	3.382290	1.000000
4.492529	0.267148	4.411847	1.000000
3.747181	0.072277	2.976454	1.000000
2.085410	1.351506	1.036341	1.000000
1.837105	2.776536	2.030275	1.000000
2.852678	1.219881	1.695621	1.000000
4.984307	1.065931	1.700890	1.000000
3.875579	1.961530	0.390493	1.000000
1.182964	4.661950	4.854848	1.000000
2.252816	5.280990	4.186827	1.000000
2.557508	2.402947	4.408907	1.000000
0.944994	1.366396	3.832033	1.000000
2.616029	0.064671	2.225989	1.000000
0.362715	1.733138	2.865007	1.000000
5.161565	2.291942	2.787349	1.000000
4.503983	0.861614	2.698490	1.000000
1.067808	5.558767	2.463984	1.000000
0.988049	0.220487	3.371396	1.000000
2.582691	3.883452	1.117467	1.000000
5.276004	3.187247	4.528912	1.000000
5.336565	2.882838	1.931592	1.000000
4.209136	2.230186	3.291104	1.000000
4.016722	3.934162	3.255892	1.000000
0.832794	5.283292	4.142947	1.000000
4.137057	5.377023	1.869422	1.000000
0.283638	0.467250	5.376945	1.000000
2.922183	1.456466	0.442221	1.000000
4.446118	0.260528	1.177777	1.000000
0.358386	0.512079	4.366097	1.000000
1.911157	4.967405	5.544798	1.000000
3.548432	2.057814	1.485163	1.000000
1.352203	2.255258	3.197144	1.000000
5.440154	0.961475	3.103829	1.000000
4.066406	2.425185	4.745986	1.000000
5.580435	2.405531	3.692725	1.000000
3.450034	2.275547	3.949006	1.000000
1.753800	1.585328	4.577307	1.000000
0.725261	4.107555	5.552902	1.000000
2.761396	2.977261	2.397096	1.000000
0.444888	1.484264	5.046269	1.000000
0.322594	4.982024	1.589335	1.000000
3.027418	2.074664	2.869928	1.000000
2.186797	5.806386	5.053948	1.000000
0.067645	3.036094	2.765205	1.000000
2.758279	4.311578	3.950384	1.000000
5.074451	0.133846	3.587253	1.000000
4.143682	4.772953	1.009687	1.000000
5.174348	4.754477	3.395643	1.000000
1.015297	4.398591	2.440865	1.000000
2.063766	4.139264	4.651230	1.000000
4.681797	2.719343	1.075031	1.000000
5.802638	3.823557	1.981072	1.000000
4.689980	3.262587	2.819529	1.000000
3.803055	4.119285	4.270707	1.000000
2.788185	1.492699	4.023737	1.000000
1.924589	1.135110	3.527963	1.000000
1.576430	0.551606	4.287083	1.000000
5.560249	0.205205	1.408818	1.000000
1.049459	5.137818	0.742431	1.000000
5.665520	2.207025	0.913574	1.000000
1.692033	5.307085	3.331077	1.000000
1.407926	4.492371	3.884210	1.000000
4.063684	3.123062	3.844108	1.000000
1.268421	2.262355	5.278976	1.000000
1.556537	2.604907	4.148579	1.000000
0.033520	5.792139	2.669317	1.000000
0.608911	4.993793	3.178185	1.000000
0.021869	1.213866	1.074967	1.000000
0.283850	5.253890	5.454615	1.000000
2.956540	3.554579	4.747089	1.000000
5.605589	1.570963	0.095314	1.000000
1.174945	5.727430	5.129400	1.000000
3.378795	0.602314	0.005301	1.000000
5.204511	5.383148	0.711845	1.000000
0.291911	0.019866	0.480570	1.000000
1.985556	3.523111	3.792936	1.000000
4.438797	5.199491	3.923554	1.000000
2.385361	0.854651	5.617833	1.000000
5.763101	1.363928	4.005475	1.000000
1.485838	2.350867	0.901020	1.000000
4.847191	1.915548	4.196131	1.000000
1.407260	1.036617	5.408322	1.000000
2.264228	4.854892	0.918136	1.000000
4.507637	1.084652	3.675817	1.000000
0.593204	2.792842	1.268418	1.000000
2.093795	4.369945	3.135253	1.000000
4.983701	2.542689	0.132203	1.000000
3.701054	3.035042	2.879433	1.000000
5.430687	5.586757	4.497258	1.000000
1.932657	0.791912	1.852953	1.000000
2.026141	0.019543	0.340816	1.000000
4.886915	4.581499	5.781975	1.000000
0.938032	3.425135	1.980244	1.000000
0.705716	3.747745	0.801485	1.000000
5.095539	0.095402	5.391763	1.000000
1.361219	3.254043	0.018002	1.000000
2.029614	5.048881	2.302721	1.000000
4.769315	4.026204	1.903561	1.000000
