172
0.000000 5.768535
0.000000 5.768535
0.000000 5.768535
4.482253	2.324566	0.288342	1.000000
0.156036	2.811964	2.531544	1.000000
3.007097	3.615635	4.596981	1.000000
2.388745	4.063189	5.452479	1.000000
1.535456	3.733692	0.162167	1.000000
3.742150	0.908618	5.067279	1.000000
5.139831	1.006966	3.636127	1.000000
0.760278	2.233814	4.584638	1.000000
2.788155	4.941441	4.011530	1.000000
3.456549	1.875313	1.257162	1.000000
3.073929	0.306458	4.500177	1.000000
1.637041	0.982596	5.295207	1.000000
2.821840	2.540021	0.747814	1.000000
2.937776	4.449464	0.768456	1.000000
4.914599	5.294311	5.027293	1.000000
1.875140	4.600592	0.795844	1.000000
3.648429	4.589330	5.766256	1.000000
1.785381	2.219983	0.265909	1.000000
2.668260	5.444534	0.313158	1.000000
3.947177	3.323692	4.395705	1.000000
3.589407	1.434717	0.242717	1.000000
1.192684	1.360501	0.391008	1.000000
5.763229	3.616043	3.928190	1.000000
5.689692	4.703286	4.397603	1.000000
4.149843	1.134089	3.132825	1.000000
2.686431	0.822628	2.627992	1.000000
2.285443	5.721288	3.369918	1.000000
1.288241	2.414777	3.590622	1.000000
5.249414	2.125404	2.066077	1.000000
1.776383	0.263723	2.434546	1.000000
1.856948	3.350215	4.776218	1.000000
2.582780	1.637237	0.098619	1.000000
0.782467	2.071624	0.962302	1.000000
3.955519	0.529131	0.552978	1.000000
5.154293	0.337553	4.439833	1.000000
4.299479	2.828512	2.131804	1.000000
0.325848	3.415932	0.163862	1.000000
2.288177	0.681514	1.654135	1.000000
1.292018	0.620646	1.485299	1.000000
3.161655	3.606290	0.246465	1.000000
1.078516	3.031540	0.756332	1.000000
4.396599	0.902426	1.390501	1.000000
5.741251	4.788602	5.524852	1.000000
2.303065	3.090287	0.043410	1.000000
4.016862	4.487534	0.935270	1.000000
4.354938	4.064788	2.501175	1.000000
5.148917	5.090309	1.005853	1.000000
2.544740	4.414938	2.041180	1.000000
0.044399	4.753369	1.797442	1.000000
1.072041	5.013577	2.058284	1.000000
0.619946	3.840239	4.855856	1.000000
4.758622	3.638135	3.781995	1.000000
4.078036	5.416722	4.308028	1.000000
4.040785	5.610177	1.298959	1.000000
1.439822	1.637554	1.980848	1.000000
5.370637	4.015048	3.063821	1.000000
0.344496	0.646914	3.418460	1.000000
3.696008	5.026756	2.697103	1.000000
1.111484	3.326983	4.083264	1.000000
2.801742	4.556871	3.003542	1.000000
4.649186	4.444192	4.548028	1.000000
1.366369	1.046978	3.291987	1.000000
3.775659	1.406246	2.157266	1.000000
2.243618	4.035810	3.948692	1.000000
5.153503	5.057763	2.817141	1.000000
3.383039	2.915419	5.276471	1.000000
5.240012	0.436694	1.689793	1.000000
1.668665	2.530290	2.667895	1.000000
3.486653	0.072452	3.415538	1.000000
4.758049	4.772456	1.887736	1.000000
4.609172	0.426926	5.407043	1.000000
2.392990	3.299379	2.235557	1.000000
3.865179	3.696509	1.620424	1.000000
3.329478	3.689803	2.486994	1.000000
2.819806	2.655077	2.960285	1.000000
5.435185	0.276248	2.755346	1.000000
4.497393	5.616124	3.368472	1.000000
3.493572	0.366352	2.140460	1.000000
2.099882	0.615183	0.556949	1.000000
1.942589	1.557054	1.030275	1.000000
3.232758	0.884729	1.313227	1.000000
3.320531	1.937808	4.982816	1.000000
5.758954	0.016874	5.380291	1.000000
1.884043	4.984235	2.788909	1.000000
3.423656	2.270202	3.948855	1.000000
2.051806	3.161629	3.399829	1.000000
3.455043	4.880588	1.723414	1.000000
5.577935	1.849237	4.387051	1.000000
5.455637	1.897144	3.137939	1.000000
0.960609	2.613236	1.819787	1.000000
1.273780	4.222393	3.543638	1.000000
1.295015	0.338446	4.520616	1.000000
2.057950	2.605958	1.395477	1.000000
5.129967	3.625914	5.014320	1.000000
4.834441	3.356305	0.278052	1.000000
4.983576	1.225716	2.534040	1.000000
4.120347	4.594147	3.621950	1.000000
0.781718	5.097032	3.884387	1.000000
3.025149	5.662979	1.225879	1.000000
0.334330	5.167930	0.625386	1.000000
4.599390	1.307877	0.202519	1.000000
1.936174	5.314248	1.528695	1.000000
1.472229	1.396865	4.303516	1.000000
1.892558	4.950752	5.609907	1.000000
3.213391	1.581882	3.095056	1.000000
2.135150	1.614521	2.905817	1.000000
5.346059	1.237094	0.914030	1.000000
4.235494	2.343952	5.007903	1.000000
4.443023	1.777918	3.886562	1.000000
3.002718	1.264511	4.026664	1.000000
1.850274	2.289474	5.032862	1.000000
0.908757	5.347408	5.118108	1.000000
4.051734	2.145773	3.005546	1.000000
5.244586	2.027756	5.317571	1.000000
0.818081	0.624089	2.452505	1.000000
2.713979	1.750639	2.092850	1.000000
2.907100	0.709511	5.665422	1.000000
4.841390	2.853237	1.217724	1.000000
2.864286	5.029197	5.084841	1.000000
5.434158	1.028961	5.403280	1.000000
4.280388	5.304783	0.364888	1.000000
5.146680	3.384424	2.156837	1.000000
0.421523	5.340501	2.771553	1.000000
2.201315	5.765293	4.930177	1.000000
3.815342	2.893422	0.906542	1.000000
4.816715	3.906797	1.293997	1.000000
4.069617	3.221704	3.050737	1.000000
3.710160	5.552118	5.260726	1.000000
2.269131	2.163744	3.770176	1.000000
2.145147	0.675270	4.115338	1.000000
1.284724	0.001484	3.311737	1.000000
0.495475	0.824834	0.873604	1.000000
0.934929	4.525781	5.736414	1.000000
0.137017	2.939568	5.015163	1.000000
1.586318	3.949355	2.607159	1.000000
0.553770	4.324463	2.791154	1.000000
3.634966	4.487555	4.563192	1.000000
1.147633	2.965146	5.393411	1.000000
2.688926	2.661459	4.533833	1.000000
0.916172	3.335588	3.033739	1.000000
1.412144	4.540344	4.800496	1.000000
1.681281	3.627558	1.452279	1.000000
5.474192	4.231685	0.573006	1.000000
4.064767	3.763107	5.306182	1.000000
5.526961	2.593259	0.411783	1.000000
0.384561	0.895645	4.425386	1.000000
0.014640	1.292612	1.813121	1.000000
0.418438	0.102767	1.614007	1.000000
0.792787	4.036348	0.930700	1.000000
3.254312	3.706848	3.611206	1.000000
5.491796	5.500961	3.714524	1.000000
0.638353	0.774779	5.502530	1.000000
5.118936	2.761659	4.307736	1.000000
0.427185	1.949217	5.726039	1.000000
0.268776	2.663789	3.786065	1.000000
2.527810	1.273866	4.929999	1.000000
2.688566	3.643995	1.340981	1.000000
4.063228	0.650937	4.112616	1.000000
0.742837	1.902461	2.714842	1.000000
3.312280	2.661891	2.069787	1.000000
4.671193	1.314044	4.743058	1.000000
5.036338	2.803598	3.223148	1.000000
5.441799	0.245438	0.590036	1.000000
0.569641	1.633038	3.723785	1.000000
1.303426	5.700739	0.424830	1.000000
4.777322	4.461539	5.599969	1.000000
0.713316	3.638245	2.080072	1.000000
0.080842	3.323906	1.280990	1.000000
4.514706	1.903342	1.288293	1.000000
1.729224	5.268015	4.160404	1.000000
2.700285	5.387228	2.332123	1.000000
4.446252	0.296800	2.450234	1.000000
