172
0.000000 5.797564
0.000000 5.797564
0.000000 5.797564
4.260490	3.727916	0.134229	1.000000
1.006979	1.951822	0.455864	1.000000
2.372369	3.735277	4.654585	1.000000
3.483192	4.572033	5.341745	1.000000
1.384160	3.938749	0.371388	1.000000
3.746480	1.588080	4.333958	1.000000
4.977080	0.508144	3.391756	1.000000
0.317738	2.576679	4.361066	1.000000
2.847654	5.538359	3.438087	1.000000
4.005934	1.774553	1.333796	1.000000
3.377526	1.362562	5.267054	1.000000
0.476962	2.286641	5.412155	1.000000
2.828865	2.849620	0.626918	1.000000
2.398702	5.563465	0.366911	1.000000
4.527067	5.234197	5.099423	1.000000
1.395714	0.043266	0.562304	1.000000
4.390094	3.604211	4.752546	1.000000
5.612915	1.306599	2.188424	1.000000
2.748312	5.225343	4.884793	1.000000
3.811530	2.769792	4.544465	1.000000
3.789580	0.967870	0.472403	1.000000
5.664598	0.721539	1.332662	1.000000
5.260719	4.282934	4.848222	1.000000
4.620163	5.104013	3.887212	1.000000
3.239091	0.984288	3.675812	1.000000
3.107788	1.777212	2.988145	1.000000
1.767770	1.195502	2.895148	1.000000
0.341557	3.755578	3.976804	1.000000
4.645605	0.694278	2.236797	1.000000
1.914774	0.746375	1.749212	1.000000
2.397591	4.595311	5.616595	1.000000
2.288910	2.149096	0.102348	1.000000
5.009414	0.904547	0.187074	1.000000
3.007316	0.432471	5.542575	1.000000
3.926385	0.393399	5.018700	1.000000
4.241434	3.528717	1.803137	1.000000
0.329774	4.238736	0.013843	1.000000
0.792842	0.984010	0.157254	1.000000
0.952383	0.957749	1.364603	1.000000
2.479983	4.520725	1.792449	1.000000
1.144763	2.635300	1.400801	1.000000
4.453271	1.810507	0.340945	1.000000
0.811783	4.302721	4.669891	1.000000
2.358404	3.586221	0.034685	1.000000
2.924468	5.014301	1.041380	1.000000
4.534927	2.550045	1.810094	1.000000
5.209423	4.148085	1.016129	1.000000
3.194750	3.931404	0.604063	1.000000
0.103103	4.804483	2.420670	1.000000
1.908039	5.462473	1.392327	1.000000
0.481613	2.988650	0.428401	1.000000
5.094411	3.911608	3.805952	1.000000
3.967647	0.317692	3.919313	1.000000
3.579225	0.945067	2.103218	1.000000
0.725829	2.721827	2.381743	1.000000
5.709681	3.560100	3.037869	1.000000
0.777821	0.482484	2.253097	1.000000
2.693770	0.644033	2.508071	1.000000
0.438636	3.272628	5.069846	1.000000
2.593503	4.300036	2.797252	1.000000
5.265213	3.619762	5.655725	1.000000
0.829927	1.549454	2.465962	1.000000
3.818051	3.133241	0.859332	1.000000
1.281873	3.211981	4.166309	1.000000
3.350526	5.252466	2.582500	1.000000
2.586163	2.824368	5.189949	1.000000
4.337042	4.990845	0.749969	1.000000
1.652849	3.278985	2.146862	1.000000
2.906368	0.270257	4.308165	1.000000
0.040540	4.903969	1.417442	1.000000
4.368658	1.506018	5.157295	1.000000
1.503329	4.259109	1.649763	1.000000
3.690160	4.406037	1.419042	1.000000
3.729423	4.321055	2.759637	1.000000
2.691283	2.859144	3.267798	1.000000
4.823548	0.235026	4.548633	1.000000
3.730640	0.372491	2.914259	1.000000
1.728984	1.510996	1.018246	1.000000
1.931087	1.737639	2.056709	1.000000
2.149679	2.395609	1.256934	1.000000
4.475861	0.823268	1.229552	1.000000
3.637544	2.243830	5.717095	1.000000
1.018015	5.522293	4.651874	1.000000
2.894036	4.464435	4.155243	1.000000
2.854619	2.528253	4.265810	1.000000
1.193333	1.361483	3.720912	1.000000
3.135498	0.068535	1.633985	1.000000
0.343799	2.153509	3.254151	1.000000
4.398514	2.537369	2.913427	1.000000
4.342206	1.674093	2.376170	1.000000
0.685751	5.471982	3.175376	1.000000
1.187763	0.330341	3.843164	1.000000
2.056611	3.550839	1.199269	1.000000
5.330614	3.198244	4.613596	1.000000
0.125877	2.831741	1.440655	1.000000
4.113928	1.418983	3.320744	1.000000
4.010979	4.256384	3.719006	1.000000
0.141776	0.263072	4.428071	1.000000
4.085269	5.605458	1.874268	1.000000
0.433150	0.023232	0.265267	1.000000
3.158328	1.854735	0.739718	1.000000
2.723500	0.846138	0.999164	1.000000
0.451809	0.841729	3.281736	1.000000
1.806568	5.654270	5.328358	1.000000
3.492282	2.470708	2.057047	1.000000
1.599605	2.265260	2.925794	1.000000
5.229263	1.506327	3.109518	1.000000
4.683778	2.171344	4.032154	1.000000
5.415833	2.769743	3.625692	1.000000
3.635799	2.434290	3.603416	1.000000
2.313337	1.805360	4.879342	1.000000
1.187510	4.854630	5.530553	1.000000
3.111849	3.729112	2.033631	1.000000
0.005375	1.540237	0.626515	1.000000
1.251553	5.328340	2.138112	1.000000
2.497645	2.738615	2.138514	1.000000
1.976791	0.767613	0.185969	1.000000
5.403653	2.458517	2.434382	1.000000
3.225655	3.596506	3.727873	1.000000
5.674527	1.283435	4.007396	1.000000
3.453262	5.387806	0.226764	1.000000
5.055226	4.425117	2.804111	1.000000
1.579070	4.249059	2.648903	1.000000
1.937643	4.680794	4.608389	1.000000
5.017214	3.110449	0.914321	1.000000
5.353846	3.881045	1.996652	1.000000
4.751806	3.446307	2.688424	1.000000
3.711555	5.065310	4.413433	1.000000
2.475969	1.680179	3.819814	1.000000
2.241910	0.550024	3.542157	1.000000
1.971578	5.643626	4.275178	1.000000
5.465167	0.048609	2.388498	1.000000
1.058976	4.860128	0.800326	1.000000
5.331257	2.377057	0.237957	1.000000
1.754461	5.088691	3.408068	1.000000
0.795378	4.457841	3.381927	1.000000
4.295771	3.223359	3.734768	1.000000
1.399510	2.611823	5.036101	1.000000
1.622509	2.165411	4.134341	1.000000
5.411599	5.263337	3.229676	1.000000
5.635500	5.096148	4.353308	1.000000
0.745091	5.774629	1.385036	1.000000
0.259250	5.204890	5.278970	1.000000
3.252340	3.618800	5.134086	1.000000
5.057435	1.860715	1.253864	1.000000
0.607444	1.499756	4.756309	1.000000
2.900729	1.656025	1.787801	1.000000
5.056569	5.624199	1.479073	1.000000
5.398807	5.324308	0.577336	1.000000
1.278423	3.308536	3.148163	1.000000
4.344356	5.139343	2.878578	1.000000
2.197465	0.732638	4.846387	1.000000
5.552695	0.945480	5.052342	1.000000
1.533872	2.793476	0.312930	1.000000
5.497540	1.925142	4.812424	1.000000
1.465490	1.607034	5.394871	1.000000
2.064330	4.523926	0.845705	1.000000
4.654773	1.175812	4.192080	1.000000
0.428831	1.843063	1.503295	1.000000
1.869093	4.099575	3.647908	1.000000
4.638573	2.479666	5.121835	1.000000
3.673419	3.293778	2.746838	1.000000
5.278250	0.039048	5.472624	1.000000
1.575718	0.183861	2.868989	1.000000
1.205860	0.673749	5.071995	1.000000
4.819341	4.553384	5.784524	1.000000
0.664290	3.869117	2.317841	1.000000
0.416044	3.939054	1.065688	1.000000
4.316017	0.128782	0.290372	1.000000
1.468156	3.648712	5.119736	1.000000
2.277473	5.297190	2.513793	1.000000
4.689520	4.739359	1.879283	1.000000
