172
0.000000 5.746012
0.000000 5.746012
0.000000 5.746012
1.469874	1.785475	3.849445	1.000000
2.279953	1.984419	4.418893	1.000000
2.898093	4.590340	5.216026	1.000000
1.949143	2.631532	0.613618	1.000000
5.440584	0.023956	5.443063	1.000000
2.859149	5.135186	3.095600	1.000000
5.099260	2.506954	4.397418	1.000000
1.172138	2.992948	5.565110	1.000000
4.824355	2.685638	2.176323	1.000000
4.604190	4.991896	5.329745	1.000000
1.316982	2.997215	1.597881	1.000000
4.888014	1.105894	0.284628	1.000000
0.540540	5.607971	4.492928	1.000000
3.735573	4.281663	2.699343	1.000000
3.311865	3.593614	1.967559	1.000000
1.264066	4.830426	4.582367	1.000000
1.959225	4.018807	4.803639	1.000000
5.059875	1.544371	3.971649	1.000000
0.545485	4.675779	1.816569	1.000000
0.640516	1.977167	5.719957	1.000000
3.800287	2.838847	2.528180	1.000000
0.372826	3.404210	1.425898	1.000000
2.418733	0.822101	0.015879	1.000000
4.639618	3.934194	5.548776	1.000000
3.108984	1.484039	2.998240	1.000000
2.741688	5.594905	5.232125	1.000000
2.383426	3.837914	3.888267	1.000000
5.321851	5.150442	1.499595	1.000000
4.360916	0.295137	5.587110	1.000000
3.889098	5.201458	3.067596	1.000000
1.924972	4.918103	5.491717	1.000000
1.026813	4.141764	2.615265	1.000000
2.502752	1.179098	3.789273	1.000000
3.667322	3.121886	4.207643	1.000000
5.737782	2.900879	3.642664	1.000000
1.207725	2.056340	4.829894	1.000000
5.145500	0.612505	4.646893	1.000000
3.658154	5.197182	5.635667	1.000000
4.875186	1.067748	1.904006	1.000000
1.392872	1.795672	0.963634	1.000000
2.419775	0.202093	4.011177	1.000000
3.568821	0.511673	4.772842	1.000000
4.133523	2.057326	5.331496	1.000000
0.035306	1.657996	0.796022	1.000000
4.607338	5.463196	0.644049	1.000000
3.762343	1.303646	0.205093	1.000000
4.314786	3.972398	0.907416	1.000000
0.145669	5.524602	0.601906	1.000000
1.493131	5.524315	3.898629	1.000000
5.501398	3.709733	0.311553	1.000000
4.476302	0.044609	1.674328	1.000000
0.229618	0.015773	3.506644	1.000000
4.088356	0.645062	0.913040	1.000000
3.156406	2.282319	3.734168	1.000000
0.953077	1.495201	2.976108	1.000000
4.056559	4.495204	4.602227	1.000000
0.144046	1.122596	2.225425	1.000000
0.271845	2.852758	0.344344	1.000000
5.322635	0.433851	1.140185	1.000000
2.448136	4.906357	1.359046	1.000000
5.059491	2.431997	5.488712	1.000000
3.382463	4.145161	3.795773	1.000000
5.185581	2.974786	1.170471	1.000000
1.224749	3.987193	1.374236	1.000000
4.184018	1.760462	2.363440	1.000000
2.660252	3.233624	0.062865	1.000000
0.510030	1.974862	1.761583	1.000000
5.615070	1.661948	5.017882	1.000000
2.214787	4.861664	4.261099	1.000000
2.169741	2.732359	3.567169	1.000000
2.591753	0.869485	4.744805	1.000000
4.399692	0.454583	2.764745	1.000000
2.045151	3.728550	1.976442	1.000000
1.792710	0.079523	4.845189	1.000000
0.044215	1.013989	3.296405	1.000000
0.815669	3.686070	0.470564	1.000000
3.354840	0.391912	0.062207	1.000000
3.264323	3.249696	0.958535	1.000000
2.063090	0.908881	1.098618	1.000000
0.955388	4.020928	5.222388	1.000000
4.453415	3.696774	2.159317	1.000000
4.057864	2.206395	4.340290	1.000000
3.719718	0.406536	3.715621	1.000000
1.595599	1.129082	4.924918	1.000000
5.250154	4.365948	4.875822	1.000000
2.745558	5.042108	0.399005	1.000000
3.572886	5.377030	0.980517	1.000000
4.366218	4.770259	1.527582	1.000000
1.995626	0.048176	0.528644	1.000000
0.450562	4.572494	0.821251	1.000000
0.764211	0.412747	2.754546	1.000000
0.004613	2.496637	2.559507	1.000000
1.402816	4.037346	3.914799	1.000000
0.783722	3.153182	2.485433	1.000000
4.150390	3.171656	0.284257	1.000000
1.613357	3.159581	4.349921	1.000000
2.000569	1.562045	2.915858	1.000000
0.235124	4.790146	5.547565	1.000000
5.228398	1.994188	1.576655	1.000000
2.930271	0.516128	2.623493	1.000000
2.464097	3.882900	0.962446	1.000000
5.305975	4.048666	1.469660	1.000000
4.349643	4.379151	3.621490	1.000000
1.770061	3.805683	0.195187	1.000000
4.618941	2.181177	0.638529	1.000000
4.104593	1.626667	1.317161	1.000000
1.946647	3.826846	2.988561	1.000000
5.034252	3.337755	3.031535	1.000000
1.914375	4.814704	3.274883	1.000000
3.646739	0.714110	1.937178	1.000000
1.816756	2.914253	2.600234	1.000000
1.308145	0.949367	0.188618	1.000000
0.692830	4.886915	3.663775	1.000000
4.319779	1.205038	4.560627	1.000000
0.321946	0.947614	4.292836	1.000000
4.791605	4.564030	2.569231	1.000000
1.930822	1.767396	0.063817	1.000000
4.189399	2.878419	1.365363	1.000000
5.206763	4.664999	0.517265	1.000000
1.420960	0.770461	3.567391	1.000000
4.212160	5.481881	4.376391	1.000000
3.985011	3.463582	3.321648	1.000000
2.307366	2.733840	1.648253	1.000000
0.370437	3.873451	4.388203	1.000000
2.779650	2.623744	2.554515	1.000000
2.661693	3.017435	4.401261	1.000000
3.588237	2.244718	0.526898	1.000000
0.349528	1.831673	3.786368	1.000000
0.863304	5.691082	5.484277	1.000000
3.068711	0.881017	1.021573	1.000000
1.098100	1.081429	1.861824	1.000000
4.880949	0.575085	3.668563	1.000000
1.542995	4.877985	0.847045	1.000000
4.898807	5.296377	3.316089	1.000000
1.983156	0.104914	2.968757	1.000000
3.348548	1.464890	4.405452	1.000000
2.121250	2.593981	5.245828	1.000000
1.625345	5.720224	1.486521	1.000000
2.393847	1.878462	1.117647	1.000000
0.508742	0.723210	0.885007	1.000000
1.992664	0.734828	2.183747	1.000000
3.314869	5.142958	4.060841	1.000000
3.576380	3.713808	5.009974	1.000000
3.308854	4.029018	0.210607	1.000000
0.382380	0.875478	5.504452	1.000000
2.929724	1.423420	1.885194	1.000000
5.201029	5.318105	4.280635	1.000000
5.364627	4.440407	3.584448	1.000000
1.815639	4.756269	2.157687	1.000000
1.039382	5.159581	2.738025	1.000000
0.018364	3.807603	2.397558	1.000000
1.571857	1.947028	2.096263	1.000000
2.930121	3.530979	3.018620	1.000000
4.125702	1.357605	3.340302	1.000000
4.435234	3.026285	4.968779	1.000000
5.095846	1.794826	2.879947	1.000000
2.928990	1.787873	5.572559	1.000000
4.384428	2.503739	3.369699	1.000000
2.619016	0.150584	1.588230	1.000000
0.371181	0.015713	1.743463	1.000000
5.469059	0.060639	2.509972	1.000000
0.432568	3.806329	3.350590	1.000000
3.424193	4.342111	1.268019	1.000000
0.983146	2.673387	3.353433	1.000000
3.319497	2.462089	1.727131	1.000000
0.075121	4.893609	2.742989	1.000000
3.543435	5.419820	2.031299	1.000000
5.675669	3.341408	5.128383	1.000000
3.345898	2.716260	5.273813	1.000000
0.565356	2.791685	4.572756	1.000000
2.749504	4.371991	2.387187	1.000000
5.055282	3.532299	4.238100	1.000000
