172
0.000000 5.771730
0.000000 5.771730
0.000000 5.771730
4.593417	3.011676	0.415688	1.000000
0.340252	3.207146	2.714641	1.000000
2.772577	3.359299	5.390813	1.000000
2.988591	4.271488	0.431724	1.000000
2.092760	3.700710	0.497958	1.000000
3.866063	0.857577	5.301086	1.000000
5.121643	0.762739	3.897636	1.000000
0.676444	3.045800	4.929029	1.000000
2.733360	4.921991	4.001501	1.000000
3.460716	1.599293	1.796403	1.000000
2.817500	0.288421	5.039537	1.000000
1.813348	0.264493	5.289657	1.000000
2.741847	2.093071	1.293665	1.000000
2.141169	4.515065	1.092263	1.000000
4.635694	5.385247	5.237763	1.000000
1.720859	5.521929	1.380019	1.000000
4.424056	4.279278	4.946665	1.000000
1.556478	2.284193	0.578787	1.000000
2.883161	5.514344	0.162657	1.000000
3.558031	3.235979	4.778018	1.000000
3.512593	1.963726	0.613776	1.000000
0.893762	1.889256	5.194250	1.000000
5.579532	3.375515	3.788419	1.000000
0.247430	4.324452	3.955363	1.000000
3.619454	0.731721	2.342238	1.000000
1.912865	0.890447	2.886258	1.000000
3.075657	5.651150	2.939121	1.000000
1.433818	2.857720	3.315595	1.000000
5.190106	2.378329	2.252909	1.000000
1.575446	0.648224	1.952364	1.000000
1.711511	3.449239	4.772431	1.000000
2.432676	1.803328	0.285442	1.000000
0.228592	1.685467	2.230375	1.000000
4.537951	0.720344	0.320505	1.000000
0.020655	0.105679	4.845370	1.000000
4.877322	3.274762	2.851774	1.000000
5.462399	3.383197	5.751819	1.000000
2.082134	1.196598	1.152246	1.000000
1.042560	1.122665	1.058813	1.000000
3.702010	3.566208	0.081304	1.000000
0.464868	3.041662	0.554808	1.000000
4.194412	1.099322	1.236397	1.000000
5.743405	4.880135	4.748546	1.000000
2.725976	2.786483	0.559584	1.000000
3.771365	4.902012	0.624192	1.000000
4.635128	4.220518	2.432736	1.000000
5.732992	5.218302	1.076750	1.000000
1.663081	4.436009	2.208494	1.000000
5.386154	5.240982	2.064861	1.000000
1.559580	5.437246	2.408131	1.000000
0.731640	3.971042	0.073817	1.000000
3.631154	3.027504	3.309060	1.000000
4.334287	5.183431	4.202525	1.000000
4.055698	5.697384	1.429532	1.000000
1.256615	1.674095	2.109433	1.000000
4.707085	4.949294	3.246099	1.000000
0.485939	0.220032	3.800688	1.000000
3.048513	4.495861	3.145121	1.000000
0.709151	4.049469	4.815046	1.000000
2.422068	3.708475	2.379552	1.000000
4.932393	4.304281	3.998492	1.000000
1.476606	1.134674	3.825834	1.000000
4.322328	1.806615	2.850338	1.000000
2.435954	4.147558	4.623480	1.000000
4.181044	0.086608	3.471665	1.000000
3.756714	2.545742	5.513932	1.000000
5.075044	0.153596	1.345768	1.000000
1.161998	2.668303	2.320137	1.000000
3.272766	0.116072	4.035647	1.000000
3.764324	5.003999	2.454449	1.000000
4.969708	0.598926	5.140333	1.000000
2.163710	2.711251	2.431993	1.000000
3.699959	3.905696	1.190800	1.000000
3.458394	4.050655	2.247516	1.000000
3.220875	2.042944	2.848013	1.000000
5.211359	0.393710	2.958509	1.000000
4.135695	1.088386	3.539639	1.000000
2.574944	0.554869	2.021016	1.000000
2.054782	0.381832	0.541694	1.000000
1.462708	1.216191	0.127953	1.000000
3.115875	0.881799	1.124166	1.000000
3.069000	1.920422	5.112772	1.000000
5.438988	0.215442	0.351216	1.000000
2.198795	5.037949	3.114471	1.000000
3.407531	2.130049	4.019938	1.000000
2.439017	2.862487	3.425478	1.000000
3.048359	4.638811	1.499198	1.000000
5.359426	1.768044	4.177007	1.000000
5.719166	1.344096	3.135430	1.000000
0.771051	2.148022	1.331220	1.000000
2.149078	3.909270	3.526882	1.000000
1.129454	0.807922	4.768017	1.000000
1.671124	2.876318	1.398448	1.000000
5.459977	3.812659	4.745764	1.000000
4.524056	4.095663	0.450257	1.000000
4.835033	1.102611	2.282842	1.000000
4.043235	4.131219	3.274700	1.000000
1.265239	5.519571	4.444238	1.000000
3.658840	0.285191	0.524399	1.000000
0.764626	4.967008	0.461514	1.000000
4.562195	2.028462	0.608135	1.000000
2.936952	5.654751	1.182379	1.000000
1.731745	2.322520	4.190617	1.000000
1.961148	5.139354	0.330799	1.000000
2.974742	1.169326	3.329163	1.000000
1.918325	1.917257	3.239922	1.000000
5.074314	1.688239	1.431159	1.000000
4.264791	2.561425	4.515945	1.000000
4.828340	2.491866	3.687507	1.000000
3.369939	1.062675	4.419623	1.000000
1.948619	2.389701	5.224615	1.000000
0.780960	5.373039	5.317745	1.000000
0.100491	2.422311	3.375727	1.000000
4.743131	1.969612	5.362539	1.000000
0.884547	0.756063	2.710429	1.000000
2.246800	1.623834	2.289673	1.000000
2.853300	0.854670	0.140769	1.000000
4.896543	3.386624	1.305515	1.000000
3.064656	4.690075	5.238415	1.000000
5.323119	1.336505	0.422728	1.000000
4.909992	5.113729	0.436671	1.000000
5.483399	4.060173	1.794218	1.000000
0.495566	5.611724	2.850701	1.000000
2.247472	5.178511	4.918162	1.000000
3.832413	2.853457	1.123399	1.000000
4.635742	4.715895	1.503792	1.000000
4.078023	3.184726	2.039130	1.000000
3.663791	5.436291	4.944666	1.000000
2.353601	1.536263	4.151030	1.000000
2.192670	0.442458	4.005368	1.000000
1.424721	0.158913	3.398502	1.000000
0.593462	1.793094	0.395412	1.000000
1.196197	3.848198	0.999607	1.000000
5.294654	2.806973	4.717785	1.000000
1.203968	3.830354	3.059887	1.000000
1.000428	4.886796	3.341208	1.000000
3.629737	4.333206	4.258777	1.000000
1.310333	3.101368	0.021772	1.000000
2.685252	2.679637	4.566459	1.000000
0.920057	3.481109	4.016623	1.000000
1.565389	4.540738	5.343789	1.000000
1.082293	3.630285	1.991751	1.000000
5.571487	3.954795	0.802451	1.000000
4.486728	3.297754	5.204269	1.000000
5.385629	2.596707	0.893444	1.000000
5.570117	1.431805	5.121831	1.000000
5.724141	0.457637	2.086416	1.000000
0.720407	0.056828	1.509237	1.000000
0.917069	4.766990	1.589486	1.000000
3.031643	3.541879	3.950615	1.000000
5.412207	5.414885	3.826835	1.000000
0.420804	0.760258	5.550333	1.000000
4.308950	3.423025	3.951022	1.000000
5.725850	2.358303	5.604568	1.000000
0.580494	2.302501	4.257047	1.000000
2.180835	1.416330	5.138713	1.000000
2.612848	3.396492	1.433031	1.000000
4.170626	0.438595	4.436079	1.000000
0.901227	1.720517	3.219766	1.000000
3.145918	2.729687	1.958215	1.000000
4.324330	1.558776	4.417361	1.000000
5.438202	4.233850	3.127212	1.000000
0.110911	0.753630	1.117307	1.000000
0.499351	1.296363	4.097340	1.000000
0.929992	0.196448	0.535990	1.000000
5.612181	4.367168	5.609089	1.000000
0.574015	4.410332	2.527450	1.000000
0.140599	2.875111	1.758234	1.000000
4.280667	2.196186	1.821737	1.000000
1.698084	4.596203	4.117364	1.000000
2.506467	5.192606	2.175578	1.000000
4.420811	5.766232	2.387783	1.000000
