172
0.000000 5.840886
0.000000 5.840886
0.000000 5.840886
3.225410	3.422994	0.190809	1.000000
0.622260	1.360947	0.737870	1.000000
2.104686	4.188583	0.822976	1.000000
4.392979	4.058407	5.470867	1.000000
1.098450	5.402974	0.879447	1.000000
3.736632	1.240883	3.999525	1.000000
5.776062	0.080415	2.257032	1.000000
0.332287	2.208253	3.480771	1.000000
3.114994	5.652236	1.976495	1.000000
3.882656	2.114703	4.663051	1.000000
3.303748	1.799478	5.768838	1.000000
0.091538	2.964881	4.509871	1.000000
2.554725	1.864411	1.705362	1.000000
3.317927	0.855333	0.616925	1.000000
4.120085	5.037113	5.600105	1.000000
0.324336	4.873028	2.117546	1.000000
3.612248	3.758714	1.179591	1.000000
5.604672	1.262903	1.304499	1.000000
2.792138	4.421278	5.663081	1.000000
3.345423	3.667348	5.019511	1.000000
4.358898	0.169319	5.827930	1.000000
5.530788	5.736238	0.110730	1.000000
5.716609	3.097577	3.352684	1.000000
5.041237	4.700823	0.102168	1.000000
3.180298	4.321684	2.850197	1.000000
5.331643	0.257975	3.291151	1.000000
2.544990	0.388768	2.868265	1.000000
0.626065	3.186198	1.026391	1.000000
0.066383	5.074770	0.808382	1.000000
2.559833	0.145467	0.884332	1.000000
3.253799	5.299662	0.308616	1.000000
1.769058	2.094250	5.519141	1.000000
2.231128	1.149084	5.564405	1.000000
3.088211	1.515144	2.727506	1.000000
5.281934	1.946303	4.916648	1.000000
3.277284	3.099734	1.888122	1.000000
1.164147	4.336620	0.422816	1.000000
1.350844	1.445552	4.724279	1.000000
5.810957	2.127664	0.792670	1.000000
3.696120	4.750047	1.342185	1.000000
0.878105	3.490857	2.015219	1.000000
4.941993	2.722411	1.141654	1.000000
0.049711	4.066966	2.654381	1.000000
2.649728	3.083915	0.998643	1.000000
3.216577	4.860244	4.314918	1.000000
5.638354	3.342098	1.637816	1.000000
0.865555	2.704899	5.103083	1.000000
1.932038	5.089384	0.347077	1.000000
3.922771	5.399938	2.519792	1.000000
1.135946	0.722848	1.330712	1.000000
1.823927	4.161728	5.476383	1.000000
5.713126	4.105899	3.648003	1.000000
4.042637	1.005176	2.495182	1.000000
2.704453	5.241488	2.799395	1.000000
1.332535	3.761607	2.957238	1.000000
4.650266	3.995837	1.133575	1.000000
1.182793	1.640638	1.736585	1.000000
3.276149	1.007447	1.812202	1.000000
0.604886	2.080670	0.008590	1.000000
3.840376	3.777808	4.027732	1.000000
4.469991	3.346585	0.352448	1.000000
1.298203	2.763752	2.880438	1.000000
4.294560	3.253019	1.810362	1.000000
0.098694	3.864612	5.563081	1.000000
3.892184	3.614997	2.959930	1.000000
3.910211	2.672159	0.947026	1.000000
3.739536	4.323583	0.349818	1.000000
1.459078	4.434231	1.574312	1.000000
2.662210	5.009379	1.133385	1.000000
1.258297	4.750893	2.518216	1.000000
4.681294	5.205454	0.922760	1.000000
1.936892	5.411284	1.744550	1.000000
2.246199	3.379765	2.016171	1.000000
4.394197	5.816236	3.614188	1.000000
1.948591	1.693377	2.502735	1.000000
3.524015	5.102679	3.389722	1.000000
5.209162	0.202241	4.394738	1.000000
1.940418	1.238038	0.687343	1.000000
2.182817	0.659093	1.966030	1.000000
3.458846	1.797320	1.189620	1.000000
4.925895	0.710246	2.094274	1.000000
4.970906	3.526203	2.508609	1.000000
1.262298	5.695446	4.212232	1.000000
2.791310	0.915838	3.718005	1.000000
1.879593	3.709412	3.926053	1.000000
1.807665	2.525858	1.637369	1.000000
3.493430	0.356037	3.226541	1.000000
0.528157	2.430165	1.701931	1.000000
5.450419	2.481844	2.149609	1.000000
3.967806	0.069970	1.262908	1.000000
0.799500	3.218320	3.727869	1.000000
0.476952	0.513528	3.018403	1.000000
2.908627	4.334305	1.848652	1.000000
3.904193	2.864472	5.429369	1.000000
4.385405	2.729291	2.673753	1.000000
4.250102	4.325605	2.175977	1.000000
4.157033	4.573389	4.643477	1.000000
0.903682	5.387613	3.224433	1.000000
4.815723	5.451745	1.900872	1.000000
0.113646	5.738050	5.002711	1.000000
4.523297	1.722779	1.347502	1.000000
5.147730	0.642608	5.335296	1.000000
5.727424	1.395266	3.028544	1.000000
3.359690	0.265569	4.223889	1.000000
3.657641	2.115427	2.146598	1.000000
2.315004	1.951591	4.643997	1.000000
0.933345	1.781629	2.726406	1.000000
2.921328	2.059896	3.634103	1.000000
5.114485	2.204647	3.416160	1.000000
4.723805	3.719189	3.536151	1.000000
3.014789	2.936161	4.290857	1.000000
2.102101	3.271527	4.812513	1.000000
4.001232	1.835537	3.240324	1.000000
1.917306	1.543451	3.615463	1.000000
0.455866	4.207278	1.127179	1.000000
4.628705	0.957541	3.574161	1.000000
2.272034	4.492794	4.644741	1.000000
5.084188	4.858246	4.010670	1.000000
4.462170	4.631527	3.215569	1.000000
0.386913	1.075316	2.098467	1.000000
5.371614	5.041521	2.830560	1.000000
5.032330	3.879637	4.515518	1.000000
5.310437	4.303730	1.849039	1.000000
1.974607	4.718221	3.481703	1.000000
4.162904	1.318188	0.279302	1.000000
5.705811	2.780303	5.838679	1.000000
4.801585	1.684578	2.551035	1.000000
2.946635	1.128703	4.730568	1.000000
2.353147	5.612916	4.017559	1.000000
1.379717	0.599243	3.466228	1.000000
0.530797	0.888565	3.945985	1.000000
1.346090	0.828023	2.490453	1.000000
2.193320	3.153916	0.002673	1.000000
4.750658	0.749031	0.991648	1.000000
1.702287	5.688887	2.685581	1.000000
2.647125	3.440556	3.003499	1.000000
4.939047	2.668691	4.302490	1.000000
1.297435	2.318438	4.156002	1.000000
2.852182	2.489265	2.644927	1.000000
0.842005	4.383290	3.628761	1.000000
1.067044	3.703697	4.745757	1.000000
0.191127	0.357703	1.322859	1.000000
4.887388	3.003210	5.277853	1.000000
4.901108	2.188792	0.124651	1.000000
5.467386	1.383252	3.994697	1.000000
2.265922	5.560325	5.120044	1.000000
3.616637	0.798694	5.462393	1.000000
0.549568	0.371142	0.373097	1.000000
1.116422	0.037740	5.213282	1.000000
1.217967	4.676997	4.547764	1.000000
4.235489	0.026625	4.695415	1.000000
2.049289	0.743061	4.464503	1.000000
0.440383	1.863982	4.471063	1.000000
5.603683	1.323614	0.158700	1.000000
0.142032	0.976742	4.881754	1.000000
1.174456	1.087316	5.709049	1.000000
3.384514	5.531947	5.101692	1.000000
0.132911	5.403557	3.920885	1.000000
1.361497	2.362548	0.604439	1.000000
2.075199	2.732518	3.613583	1.000000
4.682515	1.192390	4.592848	1.000000
3.749265	2.824107	3.576423	1.000000
0.211685	4.514222	4.666086	1.000000
2.186411	4.253105	2.553337	1.000000
1.555962	0.287610	0.355265	1.000000
0.424413	4.828933	5.668756	1.000000
1.617536	3.320109	0.996378	1.000000
1.017991	3.411369	0.027660	1.000000
5.045371	5.268086	5.113711	1.000000
2.550227	2.293869	0.382230	1.000000
2.854596	4.003017	3.888163	1.000000
5.479625	3.648154	0.669178	1.000000
