172
0.000000 5.814311
0.000000 5.814311
0.000000 5.814311
3.665021	3.106069	5.712858	1.000000
0.805998	1.672004	0.301549	1.000000
2.168721	2.980606	4.947999	1.000000
3.815166	4.658000	5.703117	1.000000
1.417499	3.946400	0.352478	1.000000
3.322267	1.679234	4.437682	1.000000
0.081700	0.931797	2.162735	1.000000
0.277458	2.297281	4.363662	1.000000
2.466800	0.198920	3.180006	1.000000
3.753852	1.220648	1.194945	1.000000
2.656614	0.999860	5.151652	1.000000
5.538046	2.576713	5.183781	1.000000
2.471295	2.559622	1.370280	1.000000
3.204245	5.159553	1.341556	1.000000
4.457178	5.196140	4.792941	1.000000
0.678650	0.375964	1.457003	1.000000
4.218209	3.726364	5.089212	1.000000
5.657303	1.947480	1.840099	1.000000
3.061493	4.906860	5.019245	1.000000
3.403832	3.484613	3.851277	1.000000
3.972598	5.664118	5.587360	1.000000
4.680087	0.463339	0.192364	1.000000
5.353527	4.534290	5.187382	1.000000
4.881858	4.627082	4.053883	1.000000
2.775592	0.711581	4.049657	1.000000
3.850371	1.836243	2.435738	1.000000
1.833105	1.451075	2.129654	1.000000
0.267240	3.171646	3.812808	1.000000
4.662805	0.015711	2.435940	1.000000
1.781109	0.670828	1.370037	1.000000
2.368701	3.944770	5.804657	1.000000
1.603438	1.983536	5.560153	1.000000
5.018758	1.384990	5.102565	1.000000
3.265366	0.224709	4.932433	1.000000
5.061820	0.391571	4.610344	1.000000
4.283227	3.015743	2.009229	1.000000
0.247504	4.941231	0.277984	1.000000
0.988897	0.697590	0.546267	1.000000
0.964691	1.396557	1.475210	1.000000
2.965479	4.303460	1.875393	1.000000
1.452608	3.318224	1.394478	1.000000
4.502276	1.521327	0.514832	1.000000
0.013249	4.273924	4.293458	1.000000
2.492066	2.856763	0.308536	1.000000
3.163856	5.319030	0.337513	1.000000
4.637434	2.003365	1.598128	1.000000
5.183939	3.823866	0.908300	1.000000
3.276414	4.160871	0.580346	1.000000
5.487434	5.105018	2.372422	1.000000
1.414988	5.379472	1.440518	1.000000
0.498560	3.348215	0.153180	1.000000
5.221292	3.745940	3.602944	1.000000
3.705174	0.964131	3.484316	1.000000
3.716890	0.486558	1.980874	1.000000
1.257423	3.107232	3.222001	1.000000
0.392003	3.929296	3.168773	1.000000
1.010730	0.981494	2.592156	1.000000
2.757997	1.042111	2.471261	1.000000
0.197992	3.472977	4.947476	1.000000
2.947514	3.861692	2.840176	1.000000
5.115622	3.591712	5.589767	1.000000
0.860297	2.046626	2.235485	1.000000
3.508001	3.196977	0.922342	1.000000
1.160449	3.595256	4.541901	1.000000
2.766885	4.940044	2.856885	1.000000
2.798396	2.230283	5.304744	1.000000
4.219279	3.876772	0.399341	1.000000
1.951096	3.531716	2.283545	1.000000
3.332967	5.255025	3.863585	1.000000
5.225266	4.759140	1.407662	1.000000
4.055260	1.001466	5.395842	1.000000
1.292410	4.313559	1.455280	1.000000
3.922826	4.008478	1.492472	1.000000
3.738567	4.602098	2.994730	1.000000
2.733696	2.804641	3.249996	1.000000
4.030693	0.246658	4.272187	1.000000
3.776257	0.033347	2.942469	1.000000
2.321219	1.804314	0.509500	1.000000
1.722411	2.556313	2.069557	1.000000
2.776003	1.405282	1.342881	1.000000
4.763945	0.802373	1.272854	1.000000
3.310632	2.303789	0.464388	1.000000
1.481694	5.122178	4.596635	1.000000
2.482897	5.567409	4.397825	1.000000
2.924465	2.629643	4.361833	1.000000
1.017684	1.285802	4.152928	1.000000
2.770715	5.672608	2.171841	1.000000
0.705149	1.822482	3.362855	1.000000
4.900022	2.111375	2.596983	1.000000
4.422176	0.985781	2.628657	1.000000
0.764805	0.012535	2.432077	1.000000
1.202275	0.416445	3.492724	1.000000
2.409892	3.670188	1.009714	1.000000
5.027540	3.357386	4.554074	1.000000
5.176430	2.874158	1.541311	1.000000
4.462280	1.640011	3.403541	1.000000
4.301880	3.679587	3.165391	1.000000
0.841717	0.061770	4.389627	1.000000
4.167294	5.017715	2.002500	1.000000
0.172241	0.557207	5.099167	1.000000
3.137069	1.162033	0.253242	1.000000
3.973285	0.168956	1.061223	1.000000
0.190054	0.531746	3.680805	1.000000
2.148598	4.924052	5.491060	1.000000
3.537407	2.363254	1.645191	1.000000
1.674570	2.200306	3.405131	1.000000
5.535262	1.533060	3.254429	1.000000
3.814714	2.370134	4.984074	1.000000
5.194884	2.686197	3.493277	1.000000
3.523408	2.213505	3.463777	1.000000
1.839783	1.748193	4.495005	1.000000
0.992263	4.440534	5.220694	1.000000
2.927922	3.302521	1.927056	1.000000
0.176283	1.620818	5.230946	1.000000
0.414179	5.209735	1.289382	1.000000
2.665624	2.302011	2.343213	1.000000
2.470690	0.058775	5.545304	1.000000
0.392194	2.685057	2.883524	1.000000
2.798976	4.286175	4.011741	1.000000
5.017886	0.756989	3.616356	1.000000
4.146577	4.888658	0.963615	1.000000
4.880812	4.540780	3.013917	1.000000
1.100857	4.560832	2.782561	1.000000
1.976529	4.126859	4.888052	1.000000
4.644192	2.949705	0.606048	1.000000
5.761546	3.934795	1.885699	1.000000
5.412596	3.358467	2.676376	1.000000
3.745382	4.417451	4.313304	1.000000
2.568464	1.635074	3.605214	1.000000
1.879483	1.094447	3.090168	1.000000
1.867447	0.694144	4.496795	1.000000
5.382802	0.110095	1.728226	1.000000
1.284029	5.089358	0.289050	1.000000
0.021683	2.340291	0.552264	1.000000
1.760416	5.295169	3.204663	1.000000
1.212005	4.562553	3.787903	1.000000
4.257928	2.911506	4.024306	1.000000
0.690981	2.485776	5.498036	1.000000
1.329250	2.592656	4.266687	1.000000
5.566085	0.221232	2.833632	1.000000
0.732376	5.351040	3.354471	1.000000
0.016075	1.080822	1.140797	1.000000
0.294118	5.205841	5.127162	1.000000
3.148590	3.738663	4.851772	1.000000
5.433905	1.155125	0.190538	1.000000
1.173472	5.754495	5.356501	1.000000
2.833198	0.473382	0.947624	1.000000
4.974315	5.536136	0.811566	1.000000
0.024090	0.173051	0.429439	1.000000
2.213854	3.473452	4.046453	1.000000
4.643732	5.648154	3.486437	1.000000
1.874015	0.830477	0.087938	1.000000
5.656219	1.318498	4.269219	1.000000
1.533919	2.366166	0.892627	1.000000
4.900703	2.228393	4.485705	1.000000
1.090028	0.988931	5.164388	1.000000
2.330189	4.738329	1.054306	1.000000
4.289109	1.384429	4.389589	1.000000
0.624229	2.729866	1.383056	1.000000
1.893233	3.963773	3.186090	1.000000
4.689089	2.201614	5.601952	1.000000
3.630922	3.019015	2.782647	1.000000
5.674501	5.262716	4.166664	1.000000
1.759084	0.269624	2.384147	1.000000
1.995422	5.724052	0.627734	1.000000
4.931233	4.632162	0.341472	1.000000
0.911442	3.379747	2.240608	1.000000
0.401611	4.140923	0.860109	1.000000
5.130717	5.478163	5.525958	1.000000
1.502464	2.948384	0.079670	1.000000
1.947823	4.904885	2.214049	1.000000
4.731607	4.043601	2.126430	1.000000
