172
0.000000 5.743010
0.000000 5.743010
0.000000 5.743010
3.482852	4.904016	4.233495	1.000000
2.691759	2.338347	4.785393	1.000000
1.943078	4.388385	3.029580	1.000000
3.068689	2.752078	1.632883	1.000000
1.155564	1.574580	2.030454	1.000000
2.685358	0.723060	2.944823	1.000000
2.527652	5.490622	4.457706	1.000000
1.748556	2.048684	4.238021	1.000000
1.884636	1.609592	2.828532	1.000000
0.357317	1.685440	5.709977	1.000000
0.754340	1.457027	3.129841	1.000000
1.647475	5.253935	4.919543	1.000000
2.006074	3.817999	4.909308	1.000000
4.799883	4.373433	2.760321	1.000000
2.210545	4.706676	1.256311	1.000000
0.718898	0.704430	1.751609	1.000000
2.484005	4.589939	5.371358	1.000000
0.833199	0.074702	4.468253	1.000000
2.956213	4.066317	0.885648	1.000000
3.114416	5.598083	3.564081	1.000000
2.904617	3.391923	2.563277	1.000000
5.710279	2.725672	0.151202	1.000000
2.049914	0.887127	3.807550	1.000000
0.415147	3.386919	4.459395	1.000000
0.386876	2.651263	1.413876	1.000000
3.856577	4.590109	1.313313	1.000000
4.099423	4.871674	2.244899	1.000000
3.561399	0.996534	0.435189	1.000000
3.582897	1.235595	2.866384	1.000000
4.575517	1.095752	2.791229	1.000000
0.562931	4.663932	2.059087	1.000000
0.719726	5.374157	1.046640	1.000000
1.726857	2.327814	1.519279	1.000000
3.423799	1.657904	5.010779	1.000000
5.289755	2.233396	0.983403	1.000000
2.261680	2.563364	3.426157	1.000000
2.293586	5.676590	5.563347	1.000000
4.051450	4.810325	3.269152	1.000000
3.128011	5.346260	1.487092	1.000000
2.387609	1.261686	4.897300	1.000000
1.112282	4.120498	4.408249	1.000000
4.133030	1.936637	0.340970	1.000000
5.289299	1.044067	0.910738	1.000000
1.177006	4.003431	1.243021	1.000000
3.977469	0.350409	4.746642	1.000000
4.523733	1.191100	5.355434	1.000000
3.591845	3.403823	0.484075	1.000000
3.103422	0.497746	5.297173	1.000000
4.855832	2.378420	2.565440	1.000000
4.431246	5.519687	4.031315	1.000000
5.271544	4.905494	1.921632	1.000000
4.739306	0.361009	0.395712	1.000000
1.547133	4.755767	0.449025	1.000000
3.074693	4.728286	2.982134	1.000000
2.107300	0.280396	1.606721	1.000000
0.674148	0.915895	5.072904	1.000000
0.263146	0.774416	4.001451	1.000000
2.401965	1.196971	1.881821	1.000000
4.945148	0.838478	4.137345	1.000000
2.655516	1.700485	3.954561	1.000000
4.675314	3.404195	2.330494	1.000000
4.739218	4.121760	1.591162	1.000000
0.617795	1.478336	1.020793	1.000000
1.411208	5.021926	3.920837	1.000000
3.505758	1.939331	1.228817	1.000000
4.243942	2.420776	5.105274	1.000000
0.131480	1.856045	2.206433	1.000000
4.399355	5.463087	1.409938	1.000000
2.440190	4.630788	3.944229	1.000000
4.602204	1.766911	4.389394	1.000000
4.623883	3.147391	3.392596	1.000000
2.296376	5.065561	2.368474	1.000000
1.854006	3.453194	2.645345	1.000000
3.984942	1.004847	3.854035	1.000000
2.666328	1.331583	0.121777	1.000000
2.083227	3.525629	3.757799	1.000000
3.165846	2.135545	3.199674	1.000000
3.912852	3.438076	5.245217	1.000000
3.287342	2.392702	5.722267	1.000000
2.951862	4.082208	4.636293	1.000000
5.685769	0.843092	3.010205	1.000000
5.358381	0.030877	3.563550	1.000000
0.574054	1.918164	4.740588	1.000000
1.858622	2.635795	5.381976	1.000000
3.614791	3.044504	3.418466	1.000000
3.266000	0.631492	1.603676	1.000000
5.161288	4.445977	5.504220	1.000000
0.198898	3.664475	5.454186	1.000000
3.128529	0.648509	4.267285	1.000000
2.375829	2.716432	0.577368	1.000000
5.529523	3.963193	2.209774	1.000000
0.836968	0.038783	5.633405	1.000000
4.515507	2.960140	0.200183	1.000000
0.465255	4.191522	3.551668	1.000000
4.394290	4.352006	4.674758	1.000000
3.085705	3.122072	4.295648	1.000000
0.944211	3.149843	0.688574	1.000000
5.568247	5.590514	5.736949	1.000000
5.485055	1.360447	4.941605	1.000000
3.906636	4.640037	0.277859	1.000000
4.746757	3.897303	0.611400	1.000000
5.021221	4.850704	0.803271	1.000000
0.901585	3.882963	2.702091	1.000000
0.401562	0.551583	0.668581	1.000000
4.212470	0.717109	1.190161	1.000000
2.309590	2.523671	2.350427	1.000000
0.351432	4.707942	0.343425	1.000000
4.995499	4.512162	3.866277	1.000000
0.937880	0.400082	3.338696	1.000000
5.498214	1.748553	3.935659	1.000000
4.223612	1.930905	3.236857	1.000000
4.775509	5.596359	2.624150	1.000000
5.742625	4.273450	4.664026	1.000000
1.677695	2.004490	0.457628	1.000000
5.105168	1.937447	5.741131	1.000000
5.313722	3.218677	1.564050	1.000000
1.153411	3.901424	5.637981	1.000000
5.212105	3.571609	4.155411	1.000000
5.229530	5.153045	4.753105	1.000000
5.080987	0.394399	5.026106	1.000000
4.091930	0.440294	2.145679	1.000000
3.998510	3.907583	3.852746	1.000000
3.686718	3.663006	1.698700	1.000000
2.999925	3.874593	3.524746	1.000000
3.864365	2.781218	2.252710	1.000000
3.344218	5.236618	5.260114	1.000000
2.182137	3.743792	0.303020	1.000000
0.819733	2.257501	3.753602	1.000000
0.260685	5.119590	4.002485	1.000000
1.713734	0.629594	2.550763	1.000000
1.164769	5.516895	2.053002	1.000000
1.210932	1.058485	0.292272	1.000000
5.167188	0.990179	1.912632	1.000000
3.611169	2.109813	4.099862	1.000000
1.629141	0.071812	0.610806	1.000000
4.304489	3.108840	4.376085	1.000000
1.496240	1.659331	5.227657	1.000000
5.353686	0.035833	1.229513	1.000000
2.184996	3.620169	1.489575	1.000000
1.538932	1.029202	1.245364	1.000000
1.209143	3.176261	1.926113	1.000000
1.135136	5.022595	2.945738	1.000000
4.459471	5.421737	5.437132	1.000000
4.969275	3.445555	5.121419	1.000000
0.728391	4.888395	5.173277	1.000000
3.708027	3.994962	2.693175	1.000000
1.101707	3.256110	3.629916	1.000000
0.303765	3.001328	2.443784	1.000000
1.571879	4.404951	2.091190	1.000000
3.986918	0.194237	3.201781	1.000000
5.644256	4.941353	2.902439	1.000000
0.865812	2.789741	5.458170	1.000000
2.858945	5.102541	0.420467	1.000000
1.345435	2.468911	2.776518	1.000000
5.406639	2.498735	4.846354	1.000000
1.874908	5.695625	3.275782	1.000000
2.745658	0.383098	0.770957	1.000000
3.136230	1.834832	2.197262	1.000000
5.651501	2.727236	3.778594	1.000000
0.110191	5.717119	2.187211	1.000000
1.161410	1.237253	4.134267	1.000000
5.532397	3.534169	3.136866	1.000000
4.393219	2.770470	1.231920	1.000000
3.233843	5.593950	2.490666	1.000000
4.544973	1.820210	1.694888	1.000000
0.062358	3.771901	0.793061	1.000000
3.748630	5.708399	0.617987	1.000000
2.525987	1.779698	1.059824	1.000000
2.922005	3.288608	5.426521	1.000000
1.305302	2.914112	4.552848	1.000000
2.929804	4.243757	2.015704	1.000000
1.663540	0.533483	4.925484	1.000000
