172
0.000000 5.752271
0.000000 5.752271
0.000000 5.752271
2.019056	1.146294	3.753916	1.000000
2.730490	1.180541	5.443541	1.000000
2.787188	4.928321	5.248312	1.000000
1.925777	2.149637	1.242596	1.000000
5.472400	1.068661	0.354200	1.000000
3.728853	4.904751	3.436069	1.000000
4.656525	3.512562	4.174665	1.000000
1.006743	2.669193	0.220688	1.000000
5.529136	1.420356	2.949809	1.000000
4.412984	3.732587	5.129384	1.000000
1.648987	3.012279	2.319985	1.000000
5.467447	1.675586	1.228731	1.000000
0.424546	0.488873	5.377882	1.000000
4.477142	3.771805	1.536617	1.000000
3.207568	3.350955	0.981448	1.000000
1.236778	4.521056	5.122459	1.000000
2.984158	4.241978	0.538154	1.000000
4.977918	1.310710	3.990852	1.000000
1.055750	5.100413	2.595372	1.000000
1.955816	1.023974	4.806133	1.000000
3.225395	1.801494	2.461672	1.000000
0.625732	3.196154	2.168054	1.000000
2.625098	1.854581	0.518131	1.000000
5.647418	2.987347	5.279125	1.000000
2.895824	1.980427	3.399230	1.000000
2.928637	0.184825	5.181800	1.000000
4.217051	4.437294	4.445141	1.000000
5.439492	4.856404	1.207918	1.000000
5.080804	4.569159	5.070867	1.000000
4.800385	5.286922	2.902162	1.000000
1.840629	4.791836	0.472975	1.000000
1.292148	4.033884	1.777410	1.000000
3.504883	1.027227	3.453883	1.000000
3.792673	3.911223	3.601023	1.000000
0.168245	1.885671	3.815248	1.000000
1.581414	2.029091	5.205067	1.000000
5.304119	0.102026	4.975820	1.000000
4.232111	5.606860	5.125089	1.000000
5.415913	0.694905	2.262613	1.000000
1.435965	1.581034	0.402360	1.000000
2.061449	0.097491	4.227794	1.000000
4.062484	1.899745	3.628425	1.000000
4.438340	2.761400	5.517581	1.000000
0.602661	1.972825	0.823753	1.000000
5.021649	5.537620	0.135346	1.000000
4.598018	1.804519	0.139211	1.000000
3.499091	3.234448	5.374286	1.000000
0.112663	0.014952	0.643036	1.000000
2.056485	4.833954	4.374076	1.000000
0.353188	3.375309	0.523980	1.000000
5.194464	0.466974	3.453395	1.000000
0.930300	5.650451	4.685556	1.000000
4.293182	0.440883	0.638388	1.000000
2.921288	3.522191	3.166168	1.000000
1.460377	1.112448	2.394048	1.000000
5.569243	3.554311	3.621009	1.000000
0.533235	1.180913	1.905879	1.000000
0.141930	2.799198	1.316791	1.000000
4.611378	5.412918	1.444611	1.000000
2.586443	4.849010	1.322632	1.000000
5.557957	2.254787	0.258120	1.000000
4.797053	4.348432	3.543607	1.000000
4.917457	2.952134	1.921491	1.000000
1.254416	3.176330	1.056774	1.000000
3.558511	0.791625	2.467876	1.000000
2.966912	2.094218	1.540545	1.000000
0.071363	2.102029	2.276064	1.000000
5.015335	2.390062	4.461454	1.000000
3.398075	5.033228	4.381980	1.000000
3.306804	1.859892	4.362482	1.000000
2.936748	0.615572	4.176617	1.000000
4.199358	0.268255	3.269614	1.000000
2.204288	3.889549	2.472994	1.000000
1.867036	5.455992	5.143213	1.000000
0.890901	1.542743	4.507987	1.000000
1.524656	3.810069	0.082072	1.000000
3.709984	0.864691	5.103559	1.000000
3.680104	2.517090	0.511351	1.000000
2.779018	0.118272	1.231669	1.000000
2.375917	3.949852	5.285235	1.000000
0.033897	2.751020	3.042048	1.000000
4.312148	1.664844	4.768419	1.000000
4.227218	0.571533	4.276343	1.000000
1.452568	0.654219	5.599969	1.000000
5.648679	3.747945	4.624407	1.000000
3.401156	5.162966	0.320778	1.000000
4.342548	4.942483	0.581455	1.000000
4.047069	3.944841	0.621921	1.000000
2.420043	5.608061	0.247112	1.000000
0.615500	4.295120	1.006249	1.000000
0.461410	0.223991	2.880763	1.000000
0.742595	1.233019	3.135213	1.000000
2.822936	4.456531	3.626826	1.000000
0.840979	3.252176	3.381027	1.000000
4.896794	3.133396	0.848331	1.000000
2.199294	3.782341	4.211627	1.000000
2.084524	1.990251	2.259615	1.000000
0.181532	4.717660	0.185328	1.000000
4.265191	2.360904	2.618299	1.000000
3.756652	5.408102	2.082291	1.000000
2.036427	3.973936	1.075796	1.000000
5.506614	3.767808	1.364719	1.000000
5.677608	4.555328	3.997026	1.000000
2.188816	3.042531	0.685789	1.000000
4.580612	2.137556	1.098114	1.000000
4.816130	1.748077	2.036260	1.000000
1.762262	4.080484	3.351971	1.000000
5.566226	3.712869	2.477752	1.000000
2.329035	5.295344	3.258865	1.000000
4.488316	0.320642	2.262761	1.000000
1.825850	1.981509	3.230235	1.000000
1.552693	1.194037	1.361554	1.000000
0.863874	4.182289	4.172043	1.000000
5.657296	1.744350	4.879005	1.000000
0.538073	1.460561	5.649702	1.000000
4.945994	4.600367	2.056241	1.000000
2.029904	3.012770	5.396704	1.000000
3.954480	2.699991	1.680209	1.000000
5.295899	3.826030	0.012319	1.000000
1.507623	0.363281	3.140659	1.000000
4.954399	5.393290	4.062109	1.000000
4.648215	3.249178	2.872917	1.000000
2.388374	3.180384	1.667845	1.000000
1.331783	3.238498	4.512678	1.000000
2.718948	2.713900	2.601455	1.000000
2.841425	3.012353	4.034450	1.000000
3.517028	1.500527	0.816386	1.000000
1.129574	2.359913	3.907775	1.000000
0.913974	5.428075	0.082183	1.000000
3.315582	0.414823	0.361777	1.000000
0.585064	0.967514	0.868216	1.000000
4.748112	0.867682	5.399618	1.000000
1.225905	5.032808	1.306395	1.000000
0.233801	5.657303	3.938006	1.000000
2.775734	0.018371	2.322145	1.000000
4.497000	1.222572	2.877938	1.000000
2.820978	2.416234	5.107451	1.000000
0.707775	0.132043	1.667193	1.000000
2.535871	1.059692	1.838290	1.000000
5.315483	0.616883	1.246043	1.000000
1.677462	0.235334	1.939230	1.000000
3.203541	0.022408	3.336361	1.000000
3.184770	3.806588	4.564694	1.000000
3.744750	4.439166	5.385509	1.000000
1.569144	0.100061	0.765849	1.000000
2.479816	1.090502	2.849899	1.000000
0.309934	4.843799	4.887324	1.000000
0.742327	4.129190	2.886624	1.000000
2.024106	5.077507	2.211903	1.000000
1.253229	5.334458	3.748036	1.000000
0.329549	4.427191	1.998657	1.000000
1.044625	2.083094	1.731498	1.000000
3.051007	4.698214	2.220646	1.000000
3.745084	2.919471	3.344076	1.000000
3.910149	2.665766	4.444719	1.000000
0.065097	0.823007	4.375474	1.000000
2.319310	0.862689	0.591754	1.000000
5.021894	2.192477	3.460961	1.000000
3.679500	0.530839	1.502405	1.000000
5.617052	5.411823	2.155254	1.000000
1.193948	0.668637	4.088932	1.000000
2.138057	2.223364	4.361393	1.000000
3.633985	4.612962	1.294204	1.000000
0.911307	2.178568	2.843590	1.000000
3.865822	1.491981	1.756927	1.000000
0.149397	4.944207	3.038751	1.000000
4.075835	4.102287	2.406139	1.000000
0.644097	3.719799	5.322431	1.000000
3.631906	1.795517	5.517543	1.000000
0.340788	2.926024	4.216099	1.000000
3.202393	3.626474	2.202822	1.000000
1.866244	2.978544	3.349584	1.000000
