172
0.000000 5.761149
0.000000 5.761149
0.000000 5.761149
2.861370	4.509255	5.158585	1.000000
2.440382	2.829525	1.625886	1.000000
2.078180	3.743390	4.519969	1.000000
4.904529	4.054283	1.898344	1.000000
1.335924	4.374667	1.683256	1.000000
3.040180	0.621117	2.240132	1.000000
4.200749	0.143228	3.505895	1.000000
0.109323	2.867107	4.139282	1.000000
0.698955	4.784318	3.655469	1.000000
1.667208	1.901480	4.908113	1.000000
0.969401	0.071664	3.927031	1.000000
0.254521	0.568973	4.493615	1.000000
1.202620	1.834383	0.054296	1.000000
0.158963	5.222896	1.970940	1.000000
2.214592	0.178557	5.305628	1.000000
1.587087	0.631358	2.870183	1.000000
4.283908	5.468201	4.411554	1.000000
0.658486	2.540223	5.017985	1.000000
2.368474	4.238002	1.312813	1.000000
3.596681	3.820332	3.194042	1.000000
3.573483	2.797098	3.377136	1.000000
0.101744	1.824533	0.334733	1.000000
0.912748	2.263203	3.874628	1.000000
0.605497	5.123846	4.644959	1.000000
4.369137	1.782916	3.146493	1.000000
2.284009	5.673140	2.423235	1.000000
4.817393	5.302847	1.909836	1.000000
3.083348	3.087216	4.297935	1.000000
3.393844	2.724346	2.288836	1.000000
3.773715	0.164621	1.576964	1.000000
0.942334	4.871118	5.623683	1.000000
1.949693	1.185849	5.613954	1.000000
0.609255	3.134587	1.695368	1.000000
3.457598	0.403534	4.172521	1.000000
0.550029	0.920336	5.549159	1.000000
4.604487	2.887479	3.082575	1.000000
3.118606	5.393989	4.720981	1.000000
2.694880	1.306012	3.051454	1.000000
0.417165	0.506501	1.605969	1.000000
2.644331	2.084608	4.719131	1.000000
5.002378	3.409281	4.557613	1.000000
3.745534	1.872161	0.400365	1.000000
5.563020	2.547881	3.173091	1.000000
1.763204	2.536163	0.766097	1.000000
3.982408	4.459736	1.711447	1.000000
0.175786	4.075341	2.098931	1.000000
0.537323	0.227553	0.619329	1.000000
2.634452	5.332624	0.265425	1.000000
3.738230	0.979537	3.055883	1.000000
3.093488	5.191855	1.862578	1.000000
0.923211	3.517826	5.134801	1.000000
3.880585	1.566483	2.188005	1.000000
3.568208	4.959905	0.822894	1.000000
1.800865	3.797766	0.066800	1.000000
0.956977	1.335285	1.798234	1.000000
0.729380	2.844810	2.877094	1.000000
0.251354	5.735508	5.399575	1.000000
4.575758	4.340017	2.809348	1.000000
3.794183	4.632384	4.756290	1.000000
2.209867	3.453686	2.404385	1.000000
3.101829	4.167007	4.148598	1.000000
1.770514	2.859757	3.205970	1.000000
3.783483	1.098596	1.034225	1.000000
2.686293	4.770276	3.093036	1.000000
3.718048	5.698189	5.739764	1.000000
2.928623	1.245121	0.408905	1.000000
5.757390	1.423080	1.525971	1.000000
2.382159	0.465845	3.520290	1.000000
1.612120	5.449037	3.242321	1.000000
4.485823	4.365350	3.874925	1.000000
4.861494	5.262449	3.071816	1.000000
5.250677	3.184698	2.352869	1.000000
4.552893	2.993213	1.585840	1.000000
2.849206	1.694738	1.950635	1.000000
3.017221	3.117558	0.603494	1.000000
3.646617	5.055014	3.645024	1.000000
5.189967	1.723059	2.304086	1.000000
2.972568	0.911057	5.049672	1.000000
1.664166	1.544394	1.042645	1.000000
5.684171	3.168886	5.418855	1.000000
2.286576	5.524158	1.333336	1.000000
1.846637	0.989725	4.516893	1.000000
5.393731	2.302215	4.884315	1.000000
3.174380	4.241214	2.277551	1.000000
3.635065	1.784155	5.149296	1.000000
2.653606	3.364833	3.394223	1.000000
1.201687	0.338817	5.000651	1.000000
3.918726	2.459835	4.436488	1.000000
5.663971	0.287903	3.487849	1.000000
5.192036	3.382343	0.811158	1.000000
2.166918	4.632898	2.219426	1.000000
1.876997	5.609587	4.413611	1.000000
0.792989	5.047285	1.053098	1.000000
5.472304	4.922233	3.875046	1.000000
4.367486	5.636781	0.755339	1.000000
4.893844	0.840449	3.149437	1.000000
4.554178	2.750659	5.236571	1.000000
2.224401	4.687051	4.038204	1.000000
5.447342	4.857615	0.298464	1.000000
5.629382	4.547515	1.248893	1.000000
4.562690	4.437817	0.789911	1.000000
4.481098	0.797466	0.319700	1.000000
1.982446	2.762562	4.194641	1.000000
4.865462	0.547274	4.289565	1.000000
4.071678	0.723655	5.118588	1.000000
2.278462	2.184506	2.658394	1.000000
0.769957	1.191764	0.760658	1.000000
5.246673	5.469357	4.695221	1.000000
3.497622	1.766597	3.678010	1.000000
2.441264	0.961896	1.398198	1.000000
0.979548	1.807618	2.965060	1.000000
5.445547	5.648397	1.187132	1.000000
1.097099	1.051805	3.653099	1.000000
2.692287	2.175308	5.727256	1.000000
0.349594	1.019725	2.573609	1.000000
2.588434	2.010896	1.035138	1.000000
1.873033	4.706579	5.068388	1.000000
0.323533	2.195323	2.148845	1.000000
2.632154	3.377097	5.393758	1.000000
5.024044	0.056024	5.629995	1.000000
5.422474	0.788594	0.706604	1.000000
4.710987	1.734504	5.514307	1.000000
5.457785	0.269150	2.455841	1.000000
3.861436	5.066804	2.620836	1.000000
4.066114	3.579965	2.266034	1.000000
3.174018	0.323168	0.734409	1.000000
1.708569	3.539614	1.032810	1.000000
3.115037	5.714789	3.055505	1.000000
5.760915	1.714040	3.816692	1.000000
1.475026	0.194645	0.236323	1.000000
0.549058	1.588675	4.720501	1.000000
5.531312	2.475338	1.289105	1.000000
1.380103	5.371992	1.922244	1.000000
0.438478	3.889559	3.271331	1.000000
3.008267	4.169205	0.544144	1.000000
0.216513	3.869181	4.390735	1.000000
3.504998	2.875008	5.251948	1.000000
1.742154	4.755940	0.514103	1.000000
3.953749	3.626139	4.542761	1.000000
1.424924	2.521056	1.997102	1.000000
1.173014	4.261574	4.446331	1.000000
0.894823	4.718675	2.648132	1.000000
4.209485	3.285540	0.412601	1.000000
3.682927	3.983990	5.556842	1.000000
0.713840	2.806786	0.307787	1.000000
3.636548	2.515218	1.232062	1.000000
0.569106	5.658894	2.837814	1.000000
4.887039	0.609295	1.628921	1.000000
0.404691	3.749310	0.731027	1.000000
5.175585	3.589503	3.550640	1.000000
4.473203	4.927746	5.663222	1.000000
5.347543	1.119431	5.004981	1.000000
3.278869	3.589933	1.484460	1.000000
0.215999	4.204989	5.427101	1.000000
4.927932	2.345551	3.930905	1.000000
1.837937	1.835762	3.783558	1.000000
1.490886	0.524178	1.289303	1.000000
4.821005	2.471461	0.508424	1.000000
1.545893	4.218326	3.431124	1.000000
4.880467	3.932956	5.722994	1.000000
4.375842	1.545729	4.272292	1.000000
5.689992	4.677325	2.903487	1.000000
4.652261	1.857263	1.314292	1.000000
4.308949	0.273049	2.518124	1.000000
1.884026	1.372275	2.200130	1.000000
4.929315	4.484089	4.835390	1.000000
1.032148	3.353018	3.877286	1.000000
1.152003	3.735112	2.578776	1.000000
0.897684	2.206049	1.184767	1.000000
1.716213	2.818753	5.418383	1.000000
2.683926	2.360373	3.585987	1.000000
2.707526	1.299878	4.088129	1.000000
