172
0.000000 5.764445
0.000000 5.764445
0.000000 5.764445
1.708616	1.308270	3.988875	1.000000
2.443510	1.289906	5.729575	1.000000
2.497593	4.818582	5.029087	1.000000
1.435069	2.267107	0.955866	1.000000
0.063798	0.667501	5.576524	1.000000
3.434541	4.695753	3.333938	1.000000
4.798536	3.394766	4.018015	1.000000
0.801177	2.417914	5.501780	1.000000
5.131679	2.142252	2.707590	1.000000
4.280228	4.213244	4.521311	1.000000
1.163467	3.148548	2.380887	1.000000
5.289258	1.497442	0.456659	1.000000
0.927482	0.358232	4.965163	1.000000
4.702920	4.058211	2.167817	1.000000
3.210170	3.642870	1.386523	1.000000
1.422905	4.413168	5.091897	1.000000
2.758398	4.321442	0.122992	1.000000
4.482933	1.787594	4.118661	1.000000
0.786178	4.889223	2.269683	1.000000
1.659173	1.071205	5.002766	1.000000
3.573440	2.444818	2.778606	1.000000
0.574950	2.908196	1.594676	1.000000
2.357726	2.192948	0.534553	1.000000
5.081300	3.235543	4.969688	1.000000
2.824035	2.093905	3.397207	1.000000
2.786862	0.220773	5.229079	1.000000
3.549194	4.878006	4.349918	1.000000
4.929189	4.700931	1.434599	1.000000
4.846125	4.882645	5.330188	1.000000
4.322717	5.398948	3.414968	1.000000
1.372525	4.841955	0.268833	1.000000
0.851035	3.998924	1.773408	1.000000
2.772768	1.014287	3.427058	1.000000
3.620225	3.588915	3.875187	1.000000
5.389211	2.704317	3.505602	1.000000
1.663026	2.092302	4.784521	1.000000
5.384512	0.260772	4.739480	1.000000
3.793626	5.619576	5.018562	1.000000
5.547359	1.001646	1.803416	1.000000
1.544246	1.731242	0.022606	1.000000
2.093835	0.290690	3.651947	1.000000
3.514851	1.557806	3.974479	1.000000
4.450384	2.590167	5.562792	1.000000
0.524724	1.609459	1.171432	1.000000
5.429740	5.502924	0.143922	1.000000
4.287004	1.456275	0.249978	1.000000
4.368972	3.742837	5.665541	1.000000
0.452159	5.333632	1.277636	1.000000
1.722589	4.717756	4.133921	1.000000
0.442891	3.359017	0.549281	1.000000
5.252741	0.303079	2.688918	1.000000
1.006867	5.504192	4.054159	1.000000
4.772453	0.551738	5.666383	1.000000
2.759047	3.162792	3.330646	1.000000
1.834677	1.478049	2.903314	1.000000
0.037264	3.574261	4.010753	1.000000
0.715200	1.096733	2.247034	1.000000
5.646055	2.417939	0.779442	1.000000
4.598225	5.687292	1.422643	1.000000
2.581950	5.290666	1.153559	1.000000
5.569936	2.242167	5.544400	1.000000
4.578136	4.436656	3.525390	1.000000
5.210363	2.594041	1.694424	1.000000
1.349193	3.353103	1.124107	1.000000
3.430518	1.106281	2.323253	1.000000
3.278957	2.484424	1.465492	1.000000
0.362059	2.042445	2.141569	1.000000
5.391922	2.351608	4.497788	1.000000
2.735019	5.488584	4.312220	1.000000
2.693040	1.806834	4.616820	1.000000
2.485144	0.829142	4.488128	1.000000
3.994469	0.637265	3.386337	1.000000
2.181416	3.693621	1.763701	1.000000
1.677169	5.427829	5.165320	1.000000
5.629500	1.337394	4.252719	1.000000
1.440795	3.825530	0.189959	1.000000
3.353815	1.048349	5.271370	1.000000
3.775689	3.092842	0.749148	1.000000
2.280759	0.468272	1.453244	1.000000
2.217495	3.768412	5.130955	1.000000
5.236676	3.250504	2.480381	1.000000
3.839798	1.900835	4.950565	1.000000
3.546871	0.495712	4.274441	1.000000
0.998200	0.883849	0.281158	1.000000
5.291617	4.213874	4.691313	1.000000
3.330348	5.274589	0.343253	1.000000
4.382757	4.876324	0.469110	1.000000
4.114883	4.126407	1.151069	1.000000
2.242146	5.469241	0.227542	1.000000
0.717519	4.304043	0.808741	1.000000
0.443984	0.109116	2.463522	1.000000
0.170021	1.399795	3.153430	1.000000
2.621372	4.306365	3.953941	1.000000
0.305243	3.312174	3.046801	1.000000
5.120015	3.234959	0.529806	1.000000
1.900692	3.348820	4.211757	1.000000
2.562114	2.073740	2.364718	1.000000
0.403963	4.452279	5.632031	1.000000
4.224690	1.897835	2.139235	1.000000
4.041669	5.685874	2.484163	1.000000
2.144235	4.345237	0.924619	1.000000
5.515935	3.596103	1.395022	1.000000
0.030200	4.691824	3.931060	1.000000
2.474197	3.386892	0.669443	1.000000
4.639661	2.224566	0.826078	1.000000
4.727030	1.200209	1.235210	1.000000
1.603210	3.871076	2.921008	1.000000
5.433482	4.142335	3.089157	1.000000
2.453990	5.133873	3.253618	1.000000
4.437071	0.815277	2.179807	1.000000
1.946239	2.726783	2.854886	1.000000
1.828915	1.211339	0.884437	1.000000
0.856774	4.227160	4.250325	1.000000
5.002995	1.497161	5.160683	1.000000
0.582700	1.455818	5.121335	1.000000
4.783121	5.000711	2.612037	1.000000
1.923639	2.765327	5.588077	1.000000
4.204692	3.088107	1.859060	1.000000
5.303230	4.401227	0.407530	1.000000
1.204324	0.617692	3.138249	1.000000
4.585449	5.517571	4.408827	1.000000
3.584059	3.628101	2.760811	1.000000
2.210733	2.680778	1.550195	1.000000
1.246630	3.368752	4.977822	1.000000
2.888060	3.043968	2.339210	1.000000
2.823764	2.833343	4.537047	1.000000
3.279357	1.731710	0.401067	1.000000
0.799375	1.822164	4.039772	1.000000
0.662890	5.638273	0.277838	1.000000
3.797832	0.426397	0.418406	1.000000
0.659948	0.602184	1.198205	1.000000
4.409768	0.844915	4.670989	1.000000
1.414392	4.831952	1.470341	1.000000
5.691404	0.217420	3.699220	1.000000
2.961695	0.002947	2.049576	1.000000
4.007325	1.599433	3.097886	1.000000
3.180658	3.319188	5.656327	1.000000
1.376040	0.245662	2.066151	1.000000
2.715528	1.598048	1.489099	1.000000
5.422587	0.479034	0.841984	1.000000
1.752078	1.261209	1.920374	1.000000
3.259966	5.736261	3.145835	1.000000
3.156688	3.833881	4.730940	1.000000
3.652629	4.606127	5.390065	1.000000
1.503517	0.024707	0.903701	1.000000
2.196330	0.582246	2.552693	1.000000
0.432202	5.235839	4.850405	1.000000
0.692548	4.284974	3.123316	1.000000
1.984168	4.903171	2.373767	1.000000
1.423000	5.289376	3.106099	1.000000
5.630685	4.488977	2.169118	1.000000
1.342723	2.213565	2.033791	1.000000
2.641484	4.066650	2.813237	1.000000
3.626571	2.544965	3.789729	1.000000
4.001396	3.043457	4.673704	1.000000
4.891911	1.072102	3.494909	1.000000
2.927409	0.881080	0.794894	1.000000
4.399890	3.039885	3.084189	1.000000
3.597308	0.493612	1.431903	1.000000
5.437471	5.447657	1.918199	1.000000
0.739843	0.708561	4.045134	1.000000
1.851351	2.383317	3.842824	1.000000
3.564292	5.074796	1.463730	1.000000
1.092018	2.165002	3.010945	1.000000
3.711278	1.545918	1.318605	1.000000
5.693136	5.137529	3.025776	1.000000
3.880282	4.602896	2.400397	1.000000
0.274916	3.307987	5.262617	1.000000
2.924981	2.357366	5.420785	1.000000
0.611559	2.704403	4.537751	1.000000
2.805986	4.493741	1.818700	1.000000
1.060609	3.113737	3.674534	1.000000
