172
0.000000 5.773841
0.000000 5.773841
0.000000 5.773841
2.989626	5.325763	4.896703	1.000000
1.817642	2.221209	0.682875	1.000000
2.431393	4.835925	4.012517	1.000000
4.030382	3.350353	0.982658	1.000000
5.749829	2.621301	1.508746	1.000000
3.015713	0.248476	2.796411	1.000000
1.582564	0.224365	3.790217	1.000000
3.576690	2.752609	4.912800	1.000000
1.088653	2.664085	3.806686	1.000000
4.840359	1.933003	4.296509	1.000000
2.226489	2.329019	2.484696	1.000000
1.165272	5.135828	4.298660	1.000000
2.876990	4.166990	4.776857	1.000000
5.526448	4.950221	3.247840	1.000000
1.935027	4.274294	1.566635	1.000000
5.501954	1.649839	1.620031	1.000000
3.855065	4.890869	5.189167	1.000000
0.916878	2.043102	0.263067	1.000000
2.910461	3.754736	1.969772	1.000000
2.520317	4.293608	3.170144	1.000000
2.958798	2.618184	4.108621	1.000000
5.682136	2.138895	0.398861	1.000000
1.331943	1.578295	4.305616	1.000000
0.109207	4.691190	5.185276	1.000000
4.781732	0.785542	0.914663	1.000000
3.512126	5.011084	0.685787	1.000000
3.686150	4.365550	1.725660	1.000000
3.649593	0.953818	4.778661	1.000000
3.672480	0.982356	2.557784	1.000000
4.281351	0.257640	3.186575	1.000000
5.331961	3.972136	0.997870	1.000000
1.530641	0.041003	0.125685	1.000000
1.805996	3.286492	1.290220	1.000000
2.691766	0.636567	4.676762	1.000000
5.411680	0.423625	1.736126	1.000000
0.457684	2.178839	3.198672	1.000000
2.009902	5.540902	4.905594	1.000000
0.126669	5.081458	2.291949	1.000000
2.965935	1.287669	1.562152	1.000000
3.422134	1.820410	5.252631	1.000000
0.658071	4.248362	4.279931	1.000000
3.814713	1.993360	1.281478	1.000000
4.361310	0.286132	2.067806	1.000000
2.394641	5.360660	1.184579	1.000000
2.829376	0.002363	3.797317	1.000000
4.073090	5.273674	1.505179	1.000000
2.793768	1.815503	0.702245	1.000000
2.706310	0.528800	0.954512	1.000000
4.772633	1.020403	2.701027	1.000000
3.563676	5.299322	3.244572	1.000000
5.042409	4.909566	1.779184	1.000000
4.547945	1.262202	5.169580	1.000000
3.934765	4.139155	0.141334	1.000000
2.101575	3.484055	2.531256	1.000000
1.796532	1.929067	3.474261	1.000000
5.474040	0.454609	3.669148	1.000000
5.653554	5.661404	4.777368	1.000000
2.625743	2.369595	1.524216	1.000000
5.044116	4.177028	4.328017	1.000000
2.903984	1.910918	3.271589	1.000000
4.982866	3.262656	3.432953	1.000000
5.141599	4.007895	2.601427	1.000000
5.729831	1.123682	0.382757	1.000000
2.155156	5.368608	2.996538	1.000000
2.971650	0.946957	5.687000	1.000000
3.728618	2.433192	0.385817	1.000000
0.037738	0.915602	2.731794	1.000000
3.205517	0.086519	1.800270	1.000000
1.898209	3.938645	3.976641	1.000000
4.504410	4.858411	2.714758	1.000000
0.155518	3.587847	3.587805	1.000000
1.512623	4.374458	2.592378	1.000000
2.934208	2.972258	2.877262	1.000000
2.580827	1.095481	2.488905	1.000000
2.144560	0.370176	1.926850	1.000000
2.084733	2.896222	3.455508	1.000000
1.559446	1.570661	2.472018	1.000000
2.520571	2.556179	5.746723	1.000000
2.886949	3.072555	0.839252	1.000000
1.242231	3.379448	4.534763	1.000000
0.946824	5.639164	1.712273	1.000000
0.608202	5.682658	3.612016	1.000000
0.155126	1.475194	3.888677	1.000000
2.207131	2.943681	4.820314	1.000000
3.708290	1.823164	4.185806	1.000000
3.945179	1.934779	3.178458	1.000000
1.027643	4.054841	5.276122	1.000000
0.041500	3.512645	4.759550	1.000000
3.772919	0.111886	4.110746	1.000000
1.395159	3.087491	5.685954	1.000000
1.055878	3.436870	2.050938	1.000000
2.085978	4.642352	0.526526	1.000000
4.651815	3.695307	1.711573	1.000000
0.480919	4.072163	2.681010	1.000000
4.370733	5.228353	0.209065	1.000000
4.552503	2.256729	5.292604	1.000000
0.325132	3.067224	0.075261	1.000000
1.126591	5.097323	5.307788	1.000000
1.155833	5.488147	2.728987	1.000000
4.988510	2.894897	0.495180	1.000000
5.272189	3.691488	5.617708	1.000000
4.749495	0.362743	5.686320	1.000000
1.358137	3.956149	0.584427	1.000000
4.727041	1.792354	0.412490	1.000000
3.844185	1.245362	0.486168	1.000000
3.191239	2.039617	2.296832	1.000000
0.368164	4.103363	0.380507	1.000000
3.844547	4.805629	4.148128	1.000000
1.743573	0.551141	2.841491	1.000000
0.946861	0.816290	2.161765	1.000000
3.346070	1.043926	3.571096	1.000000
0.079730	4.872027	1.124030	1.000000
4.864063	5.398178	3.960161	1.000000
1.798700	1.175156	0.363004	1.000000
4.462104	0.964487	3.879459	1.000000
4.452827	1.285184	1.731120	1.000000
1.847807	4.473068	4.840328	1.000000
0.659198	2.579292	4.889332	1.000000
4.346397	3.234177	5.450406	1.000000
4.659290	0.357907	4.659135	1.000000
5.146100	0.037560	2.720942	1.000000
3.147522	3.351796	5.674996	1.000000
2.810442	4.773828	2.209272	1.000000
3.321283	3.856087	3.701611	1.000000
5.119945	2.657847	2.445987	1.000000
3.798409	0.142649	5.444229	1.000000
2.115594	3.822806	5.551675	1.000000
2.554337	1.763011	4.543526	1.000000
5.549809	1.016268	4.845348	1.000000
1.510630	0.412231	1.071581	1.000000
0.724386	0.541534	5.471847	1.000000
1.808909	1.285865	1.527368	1.000000
5.114493	5.555698	0.936860	1.000000
4.550792	2.875060	4.500135	1.000000
2.728602	5.481153	0.109645	1.000000
0.605316	1.799418	2.278337	1.000000
0.718858	1.502971	5.174897	1.000000
0.939003	5.079049	0.625933	1.000000
2.961087	4.465762	0.043329	1.000000
0.956632	1.306790	0.975925	1.000000
0.555519	3.336930	1.060023	1.000000
0.788086	4.451029	1.746601	1.000000
4.873959	5.112433	5.123160	1.000000
3.778122	3.731726	4.745790	1.000000
5.680886	5.595365	0.025363	1.000000
4.016218	3.126403	3.667876	1.000000
0.953841	4.679188	3.386939	1.000000
4.949331	1.935447	3.116939	1.000000
2.935732	4.221429	1.018895	1.000000
4.410762	4.213628	3.482630	1.000000
5.307066	4.670890	0.282110	1.000000
5.564248	1.977741	5.150490	1.000000
3.856524	0.320982	0.974370	1.000000
1.199669	3.503360	3.262908	1.000000
5.604176	2.731360	4.082893	1.000000
0.874978	1.194208	3.247767	1.000000
1.851237	5.170317	2.064509	1.000000
3.461256	2.924926	1.744660	1.000000
1.199249	2.569926	2.559895	1.000000
0.269423	0.169371	0.936965	1.000000
0.789983	0.565149	4.395548	1.000000
0.325264	3.062740	2.669748	1.000000
5.749629	3.585636	1.851957	1.000000
3.602844	4.322590	2.832255	1.000000
4.182269	2.187489	2.204906	1.000000
4.720386	2.482751	1.392633	1.000000
4.421097	4.409140	1.024290	1.000000
1.146618	2.476005	1.504949	1.000000
2.234072	0.978184	3.647870	1.000000
1.551951	2.181266	5.238328	1.000000
4.291337	3.359075	2.613319	1.000000
1.763395	0.917382	5.061153	1.000000
