172
0.000000 5.737615
0.000000 5.737615
0.000000 5.737615
2.757307	3.118617	5.340228	1.000000
2.452121	1.913884	1.278972	1.000000
2.380478	4.665172	0.293555	1.000000
5.505809	3.682967	4.979031	1.000000
3.821256	4.542053	2.172915	1.000000
3.401501	5.414338	1.896645	1.000000
2.551504	2.910347	2.900904	1.000000
3.619953	2.240106	3.201277	1.000000
4.355576	2.785838	3.854145	1.000000
3.479781	0.639804	4.535722	1.000000
4.794484	2.012102	4.338435	1.000000
5.300430	0.122304	1.815468	1.000000
1.964545	0.599468	2.875675	1.000000
2.539146	4.582121	2.402303	1.000000
2.703284	2.965595	0.941217	1.000000
1.042572	3.975026	5.155839	1.000000
2.727970	5.394711	0.951796	1.000000
3.660282	1.790248	4.131702	1.000000
1.165862	5.714312	3.240085	1.000000
0.019458	2.903623	2.759449	1.000000
4.112649	4.747230	4.806860	1.000000
1.537957	3.695098	4.220828	1.000000
1.394093	1.065559	4.480755	1.000000
4.573198	0.980302	4.967586	1.000000
4.129696	2.239767	2.318552	1.000000
3.999538	5.550348	4.118872	1.000000
2.713687	0.590344	1.388417	1.000000
2.028464	4.788296	1.371606	1.000000
3.580432	5.071262	0.355502	1.000000
4.605054	3.748365	4.102396	1.000000
2.167445	5.567958	5.487240	1.000000
1.821864	0.114718	1.096590	1.000000
3.023853	0.317471	3.306360	1.000000
0.380104	4.631432	5.627519	1.000000
5.319835	3.323379	1.837590	1.000000
5.735370	2.552201	0.963554	1.000000
1.634752	2.807827	3.484324	1.000000
2.904543	0.404106	0.194776	1.000000
4.269036	1.126376	2.645691	1.000000
3.754451	0.569378	1.126851	1.000000
2.431530	4.699394	5.008616	1.000000
2.692745	5.379370	4.188878	1.000000
3.103668	1.286684	5.246519	1.000000
0.262733	1.556083	0.605917	1.000000
3.930205	0.199267	5.543339	1.000000
2.639834	1.431277	4.239671	1.000000
4.084010	4.159221	0.446811	1.000000
5.185342	0.162080	2.877816	1.000000
2.346172	5.588154	2.293981	1.000000
4.275988	3.215007	2.034793	1.000000
4.319054	1.094130	0.206058	1.000000
0.243762	5.188466	4.749144	1.000000
1.355374	3.213958	5.737197	1.000000
4.426690	1.054891	3.843309	1.000000
0.963967	2.081083	4.639190	1.000000
4.694496	4.087465	1.319538	1.000000
4.808098	1.759223	3.220312	1.000000
5.055346	1.592542	0.942208	1.000000
4.681487	5.106801	2.216605	1.000000
2.022400	1.140122	0.039888	1.000000
5.337747	3.763516	3.339774	1.000000
1.782408	5.693734	4.550017	1.000000
0.568736	2.807192	1.783842	1.000000
4.740099	2.431314	1.514690	1.000000
3.407143	1.238096	3.165729	1.000000
0.959090	0.556371	0.546336	1.000000
4.329567	1.353215	1.603251	1.000000
3.291214	3.982823	5.218074	1.000000
0.411236	5.323676	2.611474	1.000000
2.688235	2.257455	0.219772	1.000000
0.826422	1.359726	5.378611	1.000000
4.222786	4.448557	3.309690	1.000000
1.221505	2.005050	1.727862	1.000000
1.357764	5.328903	0.356174	1.000000
0.944023	1.381200	3.458844	1.000000
4.897189	4.112769	2.463680	1.000000
4.885793	1.881809	5.596369	1.000000
2.994638	2.472612	2.052474	1.000000
5.703801	4.621115	1.995285	1.000000
5.733606	2.343839	4.868792	1.000000
2.669054	4.029314	3.249934	1.000000
2.385576	1.482917	2.289413	1.000000
3.287793	5.385346	4.997735	1.000000
0.166213	5.607382	0.054726	1.000000
4.302788	5.304161	1.276114	1.000000
1.612305	2.046591	5.553947	1.000000
4.025729	3.479728	3.002492	1.000000
3.001200	4.496887	1.494765	1.000000
1.067614	2.914298	2.646167	1.000000
1.625635	2.578093	0.981385	1.000000
1.322280	0.370340	5.341907	1.000000
4.116502	2.029698	0.594580	1.000000
1.377959	5.031836	2.253628	1.000000
5.651431	1.226407	3.051730	1.000000
4.765684	2.798402	2.916434	1.000000
5.410086	2.525253	3.736877	1.000000
0.724710	0.894084	1.469808	1.000000
0.917654	4.634701	1.187620	1.000000
0.052583	0.351818	0.925631	1.000000
4.300299	0.375366	1.974003	1.000000
0.820080	2.420446	0.327399	1.000000
3.283136	1.491832	1.693219	1.000000
1.044628	4.838691	4.045400	1.000000
1.440459	4.234142	0.401550	1.000000
3.893951	1.914966	5.221515	1.000000
4.023215	0.124457	3.122293	1.000000
1.732191	2.095054	2.737980	1.000000
2.978629	2.206231	4.843059	1.000000
0.156055	4.344668	4.204728	1.000000
5.276307	0.751888	0.048684	1.000000
0.827256	3.535709	3.512104	1.000000
0.590009	5.577501	1.650377	1.000000
5.096861	4.335158	0.413232	1.000000
0.403298	0.519817	4.930587	1.000000
0.179905	5.374642	3.651013	1.000000
4.587258	2.781512	4.980584	1.000000
1.454413	1.575495	0.808814	1.000000
3.073458	3.965676	0.605600	1.000000
2.232182	3.748807	1.433809	1.000000
0.401605	0.610801	3.823769	1.000000
5.117318	0.021249	4.991206	1.000000
1.721070	2.829945	4.851400	1.000000
2.091908	4.521054	3.964473	1.000000
1.351298	3.988769	1.989195	1.000000
3.379512	4.383267	4.179205	1.000000
2.333480	0.714680	4.901329	1.000000
3.723632	2.807168	1.101159	1.000000
1.932536	2.963476	2.106118	1.000000
5.088522	4.727404	5.034266	1.000000
3.253480	1.329412	0.563658	1.000000
2.037688	3.829809	5.339897	1.000000
4.821917	4.857002	4.061000	1.000000
1.334224	4.968152	5.159700	1.000000
4.483348	3.790240	5.097096	1.000000
4.733564	0.418082	0.950202	1.000000
3.605287	2.984104	4.786894	1.000000
0.013810	1.615514	4.050932	1.000000
0.451070	3.727417	2.346522	1.000000
0.208325	1.757648	1.651462	1.000000
1.174900	1.237842	2.417361	1.000000
0.391423	0.609979	2.406098	1.000000
1.387203	4.530818	3.124073	1.000000
3.703181	2.911483	0.062013	1.000000
5.552681	5.022370	0.984706	1.000000
2.083371	0.659897	3.869742	1.000000
3.353767	0.552010	2.378679	1.000000
4.781866	5.443660	0.176730	1.000000
0.184989	3.896296	1.234178	1.000000
3.426900	5.061551	3.442606	1.000000
5.087354	0.166536	3.970725	1.000000
5.160637	4.860772	3.083253	1.000000
0.617732	3.119147	4.563229	1.000000
3.264230	3.134836	3.719217	1.000000
3.017604	3.683946	2.368385	1.000000
2.543361	3.668116	4.286789	1.000000
4.597853	3.132669	0.722105	1.000000
1.096145	3.451790	1.026921	1.000000
5.263507	2.090853	2.331296	1.000000
3.715659	3.794121	1.391971	1.000000
0.507337	1.996850	2.761705	1.000000
2.133776	5.214041	3.202445	1.000000
0.374118	4.409529	3.135296	1.000000
5.301875	2.781440	0.014652	1.000000
0.682671	2.497189	3.693519	1.000000
1.760537	1.029656	1.595286	1.000000
0.337845	3.556124	0.093473	1.000000
2.454301	2.638082	4.049833	1.000000
5.514680	1.338784	4.992522	1.000000
1.759613	1.902057	4.016774	1.000000
5.213117	1.122498	2.053038	1.000000
1.823130	3.669853	2.826585	1.000000
2.512913	1.889616	3.329973	1.000000
