172
0.000000 5.754451
0.000000 5.754451
0.000000 5.754451
1.776489	1.447049	3.764064	1.000000
2.389953	1.388577	5.139674	1.000000
2.629314	4.894568	5.289791	1.000000
1.737960	2.481905	0.908708	1.000000
5.747382	0.828256	0.003809	1.000000
3.794557	5.061611	3.362522	1.000000
5.121344	3.184956	3.779585	1.000000
0.789860	2.523757	5.452977	1.000000
5.207324	1.621861	2.897936	1.000000
4.488382	4.054519	4.745155	1.000000
1.289371	3.250507	2.527877	1.000000
5.527042	1.472887	0.926232	1.000000
0.705191	0.141371	5.059883	1.000000
4.678630	4.054206	2.216715	1.000000
2.938204	3.522997	1.202669	1.000000
1.263535	4.555055	5.072902	1.000000
2.918606	4.209070	0.334653	1.000000
4.866454	1.575370	3.969439	1.000000
0.791472	4.928029	2.382799	1.000000
1.649655	0.672784	4.832222	1.000000
3.350439	2.079050	2.500431	1.000000
0.231764	3.232822	1.996689	1.000000
2.644429	2.236015	0.284414	1.000000
5.267498	3.136945	5.473312	1.000000
2.785935	2.301139	3.530581	1.000000
2.750895	0.291450	5.193774	1.000000
3.826537	4.895222	4.523399	1.000000
5.492345	4.958666	0.928691	1.000000
4.871311	4.930375	5.274632	1.000000
4.855142	5.362185	3.422419	1.000000
1.752053	4.626325	0.220753	1.000000
0.980725	4.039030	1.931976	1.000000
3.006505	1.145462	3.369936	1.000000
3.975707	3.631732	3.973944	1.000000
0.103158	1.974759	3.974553	1.000000
1.588709	1.824840	4.675849	1.000000
5.449609	0.169406	4.977396	1.000000
4.029936	5.587680	5.222549	1.000000
5.624317	0.734913	2.027922	1.000000
1.675818	1.796302	0.119052	1.000000
1.722943	0.323107	3.823070	1.000000
3.832574	1.589695	3.769070	1.000000
4.355902	2.427626	5.707686	1.000000
0.743536	1.753001	1.008468	1.000000
5.728584	5.485289	0.096012	1.000000
4.511662	1.058830	0.372352	1.000000
4.120608	3.486592	5.627000	1.000000
0.630324	5.444522	1.089100	1.000000
2.064839	4.797635	4.290694	1.000000
0.362180	3.414230	0.282264	1.000000
5.241152	0.595630	3.200254	1.000000
0.993182	5.199417	4.298291	1.000000
4.791275	0.112078	0.152714	1.000000
2.702305	3.294782	3.281253	1.000000
1.889517	1.552873	2.608555	1.000000
0.112298	3.853252	4.006076	1.000000
0.891134	1.226389	2.115320	1.000000
0.259878	2.648098	0.952813	1.000000
4.689089	5.547725	1.424989	1.000000
2.381270	5.000087	1.046506	1.000000
5.503966	2.196533	5.720550	1.000000
4.710731	4.007441	3.379248	1.000000
5.086602	2.921987	1.667786	1.000000
1.145836	3.293839	1.272289	1.000000
2.918458	1.075918	2.368361	1.000000
3.169684	2.643744	1.623561	1.000000
0.101357	1.896843	1.802501	1.000000
5.116308	2.331100	4.622500	1.000000
3.134433	5.540647	4.180833	1.000000
2.942962	1.776289	4.372141	1.000000
2.524392	0.876239	4.216914	1.000000
4.135555	0.432355	3.353263	1.000000
2.241797	3.826717	2.317593	1.000000
1.757871	5.446527	5.058373	1.000000
0.600297	1.267082	4.588988	1.000000
1.367381	3.670319	0.243410	1.000000
3.702176	0.865739	5.566566	1.000000
3.616814	2.871367	0.628560	1.000000
2.872943	0.242153	1.011583	1.000000
2.296118	3.891436	5.257843	1.000000
5.382762	2.602142	2.649863	1.000000
4.166132	1.787847	4.754451	1.000000
3.637494	0.699299	4.183259	1.000000
1.272679	0.575472	0.062616	1.000000
5.481445	4.028911	5.015226	1.000000
3.290228	5.329739	0.175142	1.000000
4.405658	4.718945	0.652064	1.000000
3.837820	4.031172	1.256489	1.000000
2.213606	5.549041	0.193917	1.000000
0.944718	4.469315	1.010670	1.000000
0.385444	0.004209	2.848594	1.000000
0.331839	1.138868	3.076714	1.000000
2.988083	4.533303	3.861803	1.000000
0.363620	3.044906	3.398443	1.000000
4.494725	3.327564	0.813778	1.000000
2.378158	3.828112	4.251151	1.000000
2.421709	1.988577	1.853063	1.000000
0.415437	4.437555	0.091788	1.000000
4.530529	2.275986	2.223401	1.000000
3.805803	5.382205	2.330179	1.000000
1.971718	3.854261	1.203007	1.000000
5.616573	3.628486	1.148109	1.000000
5.163838	4.682219	4.297061	1.000000
2.319406	3.197708	0.487482	1.000000
4.973489	2.345392	0.814326	1.000000
4.896296	1.411602	1.732384	1.000000
2.005149	4.402689	3.168710	1.000000
5.473477	3.636963	2.802530	1.000000
2.429037	5.322308	3.420067	1.000000
4.666950	0.565568	2.346755	1.000000
1.869418	2.518334	2.892572	1.000000
1.931785	1.411214	1.134307	1.000000
1.032693	4.273121	3.920606	1.000000
5.310862	1.376962	5.008880	1.000000
0.703979	1.538391	5.702635	1.000000
4.873676	5.211566	2.388554	1.000000
1.817265	2.844886	5.261052	1.000000
4.070735	3.161249	1.779826	1.000000
5.235843	4.071871	0.247685	1.000000
1.240393	0.526994	2.852151	1.000000
4.541398	5.603709	4.359035	1.000000
4.494991	3.186129	2.695345	1.000000
2.205842	3.007900	1.693407	1.000000
1.188424	3.135699	4.382846	1.000000
3.143551	3.329246	2.354973	1.000000
3.126126	2.974015	4.301287	1.000000
3.612329	1.757027	0.351250	1.000000
1.147302	2.277972	3.835221	1.000000
0.989237	5.367429	0.137318	1.000000
3.948150	0.259598	0.688853	1.000000
0.662283	0.718935	1.000957	1.000000
4.511704	0.792327	4.710071	1.000000
1.541661	4.949505	1.664292	1.000000
0.040324	5.418970	3.902626	1.000000
2.858344	5.431334	1.852606	1.000000
4.164740	1.350235	2.852807	1.000000
3.093929	3.278665	5.477564	1.000000
1.041769	0.177467	1.906411	1.000000
3.000915	1.412934	1.074522	1.000000
5.414590	0.335506	0.987839	1.000000
2.014175	0.466777	1.872594	1.000000
3.219438	0.077081	3.039597	1.000000
3.207159	4.040005	4.794192	1.000000
3.920211	4.532387	5.499871	1.000000
1.604424	0.032494	1.036488	1.000000
2.270388	0.483076	2.890468	1.000000
0.213401	4.945419	4.968732	1.000000
0.656880	3.997731	2.896414	1.000000
2.072119	5.224828	2.487194	1.000000
1.244423	5.334110	3.283122	1.000000
5.678941	4.389498	2.049340	1.000000
1.126868	2.402299	1.970147	1.000000
2.952282	4.796023	2.748496	1.000000
3.646789	2.829790	3.381561	1.000000
4.292542	2.953410	4.786493	1.000000
5.552226	0.816696	4.170513	1.000000
2.482048	0.858219	0.230734	1.000000
4.604705	2.336423	3.256193	1.000000
3.737873	0.513769	1.812766	1.000000
0.021545	5.419988	1.901202	1.000000
0.710140	0.437900	3.994137	1.000000
2.044685	2.670653	4.132722	1.000000
3.505668	4.977236	1.231338	1.000000
0.684581	2.062909	2.826078	1.000000
3.964290	1.610294	1.372880	1.000000
5.620990	4.538625	3.306838	1.000000
3.799295	4.101802	2.794279	1.000000
0.682138	3.652783	5.096134	1.000000
3.432555	2.356167	5.218548	1.000000
0.158446	2.888573	4.377478	1.000000
2.847241	4.400731	1.718774	1.000000
1.658191	3.365611	3.490231	1.000000
