172
0.000000 5.826265
0.000000 5.826265
0.000000 5.826265
3.220362	4.289271	5.703003	1.000000
1.531876	1.390419	5.782693	1.000000
2.070959	4.560678	0.010992	1.000000
3.410811	3.922636	4.714086	1.000000
1.136366	5.484350	0.840671	1.000000
4.523375	1.333946	4.103210	1.000000
5.625277	5.015156	2.298262	1.000000
0.574143	2.469629	3.132336	1.000000
2.299699	5.680885	2.068162	1.000000
3.639430	1.133311	5.806983	1.000000
2.907161	2.218424	5.265548	1.000000
5.076731	3.785777	4.798925	1.000000
2.211526	2.470125	0.922847	1.000000
3.347244	5.793728	1.307733	1.000000
4.007557	5.041049	5.636858	1.000000
1.216633	5.396902	1.864067	1.000000
3.806637	3.692138	0.577442	1.000000
0.235982	1.193366	1.107229	1.000000
2.434472	3.958255	5.033338	1.000000
3.238580	2.972575	4.409689	1.000000
3.610966	0.145526	5.526173	1.000000
4.869177	0.079469	5.586906	1.000000
5.724564	3.406362	3.883856	1.000000
4.802876	4.720184	5.065791	1.000000
2.754059	5.663521	3.196592	1.000000
4.601109	1.066466	2.834840	1.000000
1.640412	1.480912	3.387028	1.000000
0.407921	3.016420	2.245734	1.000000
5.265897	0.289329	0.982135	1.000000
2.157595	1.222132	0.767955	1.000000
3.486393	4.775139	0.809677	1.000000
1.853177	2.314841	5.328348	1.000000
3.332602	1.268918	4.772224	1.000000
3.338507	0.220490	4.174052	1.000000
5.665778	2.448442	0.009497	1.000000
3.137406	2.208723	1.680221	1.000000
0.490763	4.628817	0.771213	1.000000
2.601449	1.149878	5.567653	1.000000
0.817663	2.030896	0.744186	1.000000
3.799218	4.408237	1.936689	1.000000
0.743798	3.652442	1.196858	1.000000
4.017487	2.516137	1.318323	1.000000
0.601275	3.527939	3.118134	1.000000
2.084000	3.592381	1.115057	1.000000
3.192875	4.953801	4.813880	1.000000
5.269620	3.030442	3.059480	1.000000
0.210270	3.186280	4.850168	1.000000
2.376741	5.372326	1.018641	1.000000
4.716103	5.260565	2.650079	1.000000
1.765000	0.450967	1.467142	1.000000
1.367503	3.289210	5.082456	1.000000
0.153746	4.659530	3.178641	1.000000
4.283045	0.560710	1.432534	1.000000
3.940521	0.293051	2.798223	1.000000
1.370581	3.109096	2.613921	1.000000
5.180970	5.070045	1.311132	1.000000
1.223614	1.348103	1.360121	1.000000
1.919727	0.653908	2.678781	1.000000
0.231328	2.202767	4.541772	1.000000
3.645309	3.759728	3.674768	1.000000
4.417728	3.872222	5.608221	1.000000
1.827487	2.223465	2.391074	1.000000
3.600232	3.416454	1.736937	1.000000
0.695256	4.029244	5.195113	1.000000
2.955671	3.905070	2.779931	1.000000
3.036955	3.092942	0.903931	1.000000
4.734805	4.236038	0.765486	1.000000
1.795403	3.972556	2.039386	1.000000
3.266906	5.204443	2.341879	1.000000
0.892315	4.423814	1.884384	1.000000
4.323894	0.906633	5.038625	1.000000
1.613431	4.487529	1.104574	1.000000
2.251673	3.057930	1.948942	1.000000
4.695677	5.100452	3.671121	1.000000
2.617191	1.649574	2.794909	1.000000
3.622365	0.970325	3.529262	1.000000
4.376425	0.327279	3.809963	1.000000
3.013898	1.850858	0.584092	1.000000
2.306665	1.483237	1.839104	1.000000
3.189017	1.061153	1.255594	1.000000
5.099161	1.131825	1.523463	1.000000
4.692457	3.383816	1.391027	1.000000
1.240001	5.758050	4.615552	1.000000
1.956123	0.729088	4.546120	1.000000
2.249400	3.015173	4.634779	1.000000
0.986679	1.652955	2.293227	1.000000
2.974108	0.595072	2.198078	1.000000
0.288667	2.119940	1.660203	1.000000
5.375703	1.855838	2.354225	1.000000
4.165546	5.529396	0.752415	1.000000
1.117286	4.419408	3.026058	1.000000
0.844142	0.633705	3.184539	1.000000
2.600397	4.433323	1.409800	1.000000
4.207477	3.138478	4.941970	1.000000
4.521602	2.781570	2.211747	1.000000
3.956267	4.638687	2.934617	1.000000
4.521972	4.140014	4.014554	1.000000
0.636603	5.432776	3.743717	1.000000
4.208096	5.324923	1.776114	1.000000
0.107777	0.201570	4.967085	1.000000
3.807548	2.403242	0.322478	1.000000
5.175823	1.505376	0.143197	1.000000
5.495568	0.751043	4.087746	1.000000
2.054029	5.189057	5.019396	1.000000
4.359955	1.775841	1.976386	1.000000
1.154869	2.162367	4.009197	1.000000
0.002103	0.778768	2.540457	1.000000
3.078035	1.927752	3.674609	1.000000
4.480160	3.061797	3.979918	1.000000
3.901846	2.189762	4.238298	1.000000
2.377248	1.742126	4.544426	1.000000
2.332245	3.414120	0.040689	1.000000
3.060625	2.837031	2.497863	1.000000
0.275208	1.412407	3.484039	1.000000
0.260995	5.588863	1.424177	1.000000
3.606799	1.414133	2.600350	1.000000
2.472827	5.534697	4.147949	1.000000
4.952564	4.059484	3.053825	1.000000
3.560139	4.912325	3.841816	1.000000
5.126587	0.235926	1.974293	1.000000
4.789985	4.427601	2.073760	1.000000
5.492571	4.405034	4.077189	1.000000
5.822849	3.967173	2.308051	1.000000
1.698814	4.984717	3.820725	1.000000
5.068504	2.213237	1.153927	1.000000
0.018775	2.842782	0.969568	1.000000
4.610904	2.214092	3.209382	1.000000
4.472119	2.213878	5.317880	1.000000
2.619486	0.913855	3.554572	1.000000
1.654548	0.249087	3.707674	1.000000
0.715358	0.720667	4.255228	1.000000
0.831982	0.572953	1.862335	1.000000
1.288209	3.922947	0.344769	1.000000
4.499443	0.699153	0.465131	1.000000
1.666728	5.450058	2.846551	1.000000
1.638270	3.910668	3.719693	1.000000
3.670494	2.734152	3.290704	1.000000
0.947897	3.234132	4.129239	1.000000
2.146994	2.360681	3.411214	1.000000
0.631423	5.437884	2.712319	1.000000
0.652858	4.206337	3.955125	1.000000
1.212688	0.676249	0.587341	1.000000
5.711432	4.400756	5.762371	1.000000
3.341449	3.241267	5.566991	1.000000
5.119383	2.682600	4.656770	1.000000
0.806328	5.201890	5.559695	1.000000
2.912726	0.488346	0.443407	1.000000
0.278182	0.465399	0.165534	1.000000
1.010707	0.660984	5.265228	1.000000
1.520587	4.279686	4.677985	1.000000
4.103399	5.563829	4.653226	1.000000
2.640310	0.185434	5.127809	1.000000
5.319269	1.967872	3.874441	1.000000
0.355691	1.442071	5.621297	1.000000
5.477923	1.406906	4.907127	1.000000
1.149128	1.575289	4.842600	1.000000
2.763183	5.346240	0.060422	1.000000
5.522995	5.703310	3.351409	1.000000
0.770397	2.482655	5.344285	1.000000
2.614964	3.264652	3.594646	1.000000
4.699007	2.971684	0.176321	1.000000
3.966711	3.509331	2.721469	1.000000
5.820351	4.916529	4.874219	1.000000
2.108989	4.539875	2.851639	1.000000
1.879349	0.125829	0.024266	1.000000
5.437266	5.337305	0.368412	1.000000
1.299877	2.784249	1.575017	1.000000
0.198908	3.409663	0.032885	1.000000
5.098198	5.608003	4.471213	1.000000
1.378705	2.858525	0.319385	1.000000
2.725563	4.280144	3.946134	1.000000
5.546762	4.020184	1.339434	1.000000
