172
0.000000 5.899726
0.000000 5.899726
0.000000 5.899726
2.937473	3.309603	0.738102	1.000000
1.580907	0.686834	0.472771	1.000000
1.928424	3.792991	0.605919	1.000000
3.659600	3.954925	5.062942	1.000000
0.825767	5.774369	0.718162	1.000000
4.087815	0.925038	4.664908	1.000000
0.486425	5.010790	2.396794	1.000000
5.821779	1.303530	3.644734	1.000000
2.323196	0.327880	1.474349	1.000000
3.768217	1.769127	4.204008	1.000000
4.218272	2.245781	0.178303	1.000000
5.511896	2.976956	3.972947	1.000000
2.321358	1.506975	1.431882	1.000000
4.344709	1.053972	0.388345	1.000000
4.246843	4.754873	5.526952	1.000000
1.782764	5.290961	2.175965	1.000000
2.443488	2.525306	1.123810	1.000000
5.631430	1.656996	1.944192	1.000000
2.734720	4.177689	5.501362	1.000000
2.369136	4.447582	4.499998	1.000000
3.138076	5.064141	5.226606	1.000000
5.656060	5.699298	0.393568	1.000000
0.717720	4.767034	1.435488	1.000000
3.480566	4.419445	0.265118	1.000000
3.480669	3.622199	2.198381	1.000000
0.970149	5.426777	3.913263	1.000000
2.727181	5.659614	2.282399	1.000000
5.867473	1.600098	5.363555	1.000000
0.078972	5.771584	1.434721	1.000000
2.616377	0.874738	0.479527	1.000000
2.996700	5.630129	1.001738	1.000000
5.717588	1.079665	0.327775	1.000000
1.983834	1.958296	0.361287	1.000000
2.582388	2.246430	2.354747	1.000000
5.215157	1.433090	4.557957	1.000000
2.245853	2.472410	3.325720	1.000000
0.568413	4.230675	0.100337	1.000000
2.881977	0.801667	5.350970	1.000000
0.342835	2.132462	1.141232	1.000000
5.505785	4.975887	1.880719	1.000000
1.435598	2.957259	0.205448	1.000000
5.248486	1.982104	0.157465	1.000000
0.044042	3.870485	1.260745	1.000000
2.011735	3.361467	1.518655	1.000000
2.456330	5.896545	5.827139	1.000000
5.203013	2.616489	1.101899	1.000000
1.525974	2.461493	5.222288	1.000000
1.442949	5.719770	5.709370	1.000000
4.352513	4.446125	2.329040	1.000000
1.086908	0.113084	1.663627	1.000000
1.367512	4.740199	0.446398	1.000000
1.798466	4.017575	3.286243	1.000000
4.214901	1.156542	1.729121	1.000000
3.342025	4.817051	2.278497	1.000000
1.555523	2.220576	2.097359	1.000000
4.686228	4.804223	0.949603	1.000000
1.121262	1.427108	1.470810	1.000000
2.806926	0.855858	2.726252	1.000000
5.067603	1.398129	1.070611	1.000000
4.341539	3.003813	3.056772	1.000000
4.235527	3.230707	0.913758	1.000000
1.330046	3.046698	2.731249	1.000000
4.352377	2.823395	1.881655	1.000000
5.389943	2.686365	4.997242	1.000000
3.315320	2.724897	1.672640	1.000000
3.038577	2.355170	0.184763	1.000000
3.590038	3.169751	5.736533	1.000000
1.074753	3.806466	1.232953	1.000000
2.373162	4.721697	0.595481	1.000000
1.288747	4.912496	3.044258	1.000000
4.546759	5.791916	0.369771	1.000000
1.812196	5.610486	0.795574	1.000000
1.793525	4.493058	1.442421	1.000000
4.549410	5.833142	2.531406	1.000000
1.955363	5.697275	3.133570	1.000000
4.063506	5.242838	3.422871	1.000000
4.145366	0.254683	3.914304	1.000000
0.469465	0.736098	1.098914	1.000000
1.763743	0.736084	2.385061	1.000000
3.335064	0.616299	1.337300	1.000000
4.464890	0.124534	1.464446	1.000000
5.530059	2.796969	2.334398	1.000000
1.828574	5.328608	4.420205	1.000000
2.981531	1.703564	3.245100	1.000000
1.006154	3.325151	3.772760	1.000000
1.416678	2.358760	1.093619	1.000000
3.565529	0.187295	2.621175	1.000000
0.499759	2.277005	2.230431	1.000000
0.564525	3.398862	2.106934	1.000000
3.853814	5.213332	1.371701	1.000000
0.296829	3.090582	3.103189	1.000000
0.643863	2.093146	3.231261	1.000000
2.802314	4.500424	1.475357	1.000000
3.561927	3.472198	3.877213	1.000000
4.698782	1.964403	2.448678	1.000000
3.787303	4.089953	1.215681	1.000000
3.315154	4.475701	3.955670	1.000000
0.007178	4.911971	3.420997	1.000000
5.081175	5.015173	2.830619	1.000000
1.126174	4.816550	4.939092	1.000000
3.976385	2.050967	1.133396	1.000000
0.166918	0.674015	4.547060	1.000000
0.484169	0.817668	2.150935	1.000000
3.109177	0.003298	3.536898	1.000000
3.404164	1.770575	1.963280	1.000000
3.433341	2.365440	5.136761	1.000000
1.551214	1.696534	3.047857	1.000000
4.009628	2.062040	3.194945	1.000000
5.280703	1.143457	2.803648	1.000000
5.390619	2.185330	3.174305	1.000000
3.352835	2.780495	2.911645	1.000000
2.565142	3.402737	3.654043	1.000000
4.606835	2.535457	3.921278	1.000000
1.132946	2.391960	4.113826	1.000000
5.685973	4.747628	0.850648	1.000000
4.187938	1.034092	2.724636	1.000000
0.567219	3.961543	4.815817	1.000000
0.061245	5.206746	4.473277	1.000000
5.273922	4.022804	2.993030	1.000000
1.035658	5.854283	2.676499	1.000000
0.394715	4.088027	2.828441	1.000000
4.108170	4.139351	3.255256	1.000000
4.905786	4.003306	1.589299	1.000000
1.112271	4.328634	4.045191	1.000000
3.583052	1.526718	5.796083	1.000000
5.039524	0.967085	5.432241	1.000000
0.709890	0.786951	3.254538	1.000000
3.400035	0.024284	4.663582	1.000000
2.354580	0.624151	4.478367	1.000000
3.318606	0.952311	3.835558	1.000000
1.032221	0.182648	4.725804	1.000000
1.935531	0.861680	3.454144	1.000000
2.881142	3.408073	4.612036	1.000000
5.324274	0.697344	1.841078	1.000000
1.256423	4.152514	2.272369	1.000000
2.331972	4.310441	2.368720	1.000000
4.490065	2.013997	4.972223	1.000000
0.461685	2.970260	4.630238	1.000000
2.461285	1.834242	4.180314	1.000000
0.167315	3.870354	3.859427	1.000000
5.387106	4.322729	4.928235	1.000000
5.736203	5.765181	2.722019	1.000000
4.717622	3.128787	5.863383	1.000000
4.210289	3.039560	4.701763	1.000000
5.252742	5.667508	3.654707	1.000000
2.766495	5.032230	3.095322	1.000000
5.059000	0.126231	4.661042	1.000000
0.311906	0.208569	5.519919	1.000000
0.859450	1.083391	5.226241	1.000000
2.033395	4.976796	5.374581	1.000000
4.226081	5.141105	4.463661	1.000000
1.853804	0.794527	5.366565	1.000000
0.191607	1.968807	4.387488	1.000000
4.264529	0.135867	5.319358	1.000000
0.942863	1.280821	4.101012	1.000000
2.491436	1.734499	5.355218	1.000000
3.531419	0.465872	0.298916	1.000000
5.102111	4.735079	4.026716	1.000000
0.521689	2.442861	5.811547	1.000000
3.133559	2.581597	4.094346	1.000000
4.741573	1.183324	3.673893	1.000000
4.431534	4.031458	4.321421	1.000000
4.969595	4.249248	0.101150	1.000000
2.513652	3.333156	2.544705	1.000000
1.007159	1.517695	0.334430	1.000000
0.198774	5.032257	5.524206	1.000000
1.385319	3.955150	5.440823	1.000000
1.769666	3.423663	4.550622	1.000000
5.122711	5.303712	5.492567	1.000000
2.395556	3.223663	5.474769	1.000000
3.027272	4.048525	3.046140	1.000000
5.684748	3.357759	0.155462	1.000000
