172
0.000000 5.760505
0.000000 5.760505
0.000000 5.760505
3.109863	4.759203	4.680268	1.000000
2.716004	3.372797	1.199171	1.000000
2.186955	4.000252	4.433005	1.000000
4.803908	3.919111	1.590367	1.000000
1.093882	4.200368	1.700145	1.000000
3.397083	0.697992	2.289437	1.000000
4.290286	0.473078	3.458653	1.000000
0.309248	2.954855	3.919043	1.000000
1.281632	4.441566	3.898080	1.000000
1.557421	1.619413	4.858959	1.000000
0.989772	5.432177	3.745897	1.000000
0.220356	0.161460	4.333356	1.000000
1.411184	1.965636	0.263800	1.000000
0.535263	5.174083	2.096144	1.000000
2.464702	0.107439	0.223462	1.000000
1.619178	0.567027	3.014447	1.000000
4.192990	5.663200	4.461917	1.000000
0.664884	2.129017	5.329936	1.000000
2.521761	4.380819	1.273666	1.000000
3.855531	3.814163	3.113550	1.000000
3.511601	2.811014	3.568471	1.000000
5.628678	1.957325	0.292922	1.000000
0.562632	1.946491	3.959687	1.000000
0.402750	4.899484	4.855314	1.000000
4.207479	1.834822	3.482529	1.000000
2.477574	0.078472	2.459202	1.000000
5.248055	4.773760	2.072732	1.000000
2.720981	3.162050	4.135606	1.000000
2.606514	2.796270	2.068871	1.000000
3.411314	0.178363	1.349708	1.000000
1.148376	4.905818	5.631379	1.000000
2.124186	1.206551	5.744003	1.000000
0.527640	3.151772	1.431116	1.000000
3.746056	1.004432	4.291682	1.000000
0.548232	1.177630	5.717497	1.000000
4.669165	2.467240	2.820880	1.000000
3.198245	0.033025	4.369347	1.000000
2.402893	1.213954	2.855059	1.000000
0.471150	0.499400	1.637868	1.000000
2.647238	2.251140	4.611175	1.000000
5.094656	3.247047	4.569574	1.000000
4.015040	1.899975	0.432379	1.000000
0.051144	2.174246	3.061290	1.000000
2.020019	2.920832	0.495837	1.000000
3.668361	4.505753	1.126590	1.000000
0.235658	4.164411	2.492220	1.000000
0.527128	0.174681	0.676797	1.000000
3.076716	5.115956	0.527791	1.000000
3.460693	1.064202	3.325653	1.000000
3.181427	4.989249	2.395809	1.000000
0.868667	3.179345	4.720762	1.000000
3.611477	2.327335	2.562247	1.000000
4.065789	5.388214	0.737154	1.000000
1.475024	3.700565	0.005774	1.000000
0.920457	1.444078	1.964712	1.000000
1.015143	2.484880	3.239494	1.000000
0.289369	5.745148	5.433581	1.000000
4.862624	4.048040	2.687340	1.000000
4.153845	4.510730	4.642255	1.000000
2.064157	3.639180	2.161371	1.000000
3.330278	3.973660	4.083599	1.000000
1.956153	3.008864	2.931216	1.000000
3.636593	1.228609	1.434261	1.000000
2.761994	4.641229	3.559900	1.000000
3.574326	5.533340	5.375335	1.000000
3.123656	1.434039	0.270154	1.000000
5.371433	1.083146	1.689932	1.000000
2.429578	0.516662	3.599447	1.000000
2.026620	5.257716	3.231987	1.000000
4.608600	4.260185	3.727923	1.000000
4.496825	5.000125	2.869441	1.000000
5.631585	3.157638	2.588674	1.000000
4.628980	2.660521	1.609258	1.000000
2.784515	1.482261	1.913247	1.000000
3.403705	3.028800	0.373965	1.000000
3.751547	4.807424	3.656877	1.000000
5.473704	2.149747	2.084793	1.000000
3.032848	0.660111	5.233240	1.000000
1.914376	1.719510	1.289429	1.000000
5.481212	2.898734	5.523287	1.000000
2.600031	5.362358	1.518553	1.000000
1.624334	0.995389	3.988512	1.000000
5.605046	1.999387	4.731413	1.000000
3.143546	3.915095	2.088316	1.000000
3.683338	1.792044	5.180492	1.000000
2.882206	3.475046	3.093037	1.000000
1.243331	5.577267	4.729277	1.000000
4.081503	2.473198	4.400964	1.000000
5.437842	0.430115	3.189201	1.000000
5.575457	3.496301	0.629089	1.000000
2.235084	4.652907	2.425018	1.000000
1.952228	0.607529	4.919981	1.000000
1.032235	5.135997	1.190705	1.000000
5.502448	5.092111	3.891085	1.000000
4.372934	0.569723	1.172776	1.000000
4.821971	1.348610	2.850608	1.000000
4.464162	3.056221	5.450175	1.000000
2.059638	5.088775	4.298816	1.000000
5.753661	5.107592	0.388768	1.000000
0.140463	4.503920	1.364409	1.000000
4.908020	4.797672	1.121553	1.000000
4.686582	1.211754	0.147349	1.000000
1.600715	3.131213	3.876055	1.000000
5.017640	0.470722	4.252189	1.000000
4.305852	0.733951	5.080338	1.000000
1.848584	2.035514	2.308523	1.000000
1.063925	1.030749	0.863343	1.000000
5.094211	5.545273	4.992520	1.000000
3.250703	1.879768	3.898959	1.000000
2.616261	0.946536	1.079968	1.000000
1.288130	1.524617	3.047795	1.000000
5.426359	5.666653	1.444933	1.000000
0.591702	0.844524	3.580438	1.000000
2.735090	2.454969	5.637880	1.000000
0.060545	1.297631	2.569332	1.000000
2.864326	2.203814	0.923028	1.000000
2.394440	4.952567	5.402685	1.000000
0.890768	2.487215	2.121922	1.000000
2.420934	3.712257	5.431151	1.000000
5.028541	0.072748	0.265135	1.000000
5.589100	0.912067	0.685266	1.000000
4.699165	2.069618	5.280275	1.000000
4.904458	0.477491	2.336885	1.000000
4.135264	4.450537	2.113189	1.000000
4.248382	3.266738	2.325527	1.000000
3.513382	0.452959	0.348974	1.000000
1.763302	3.728661	1.116769	1.000000
3.363346	0.046964	3.164174	1.000000
5.422904	1.276548	3.819271	1.000000
1.307238	0.226726	0.005897	1.000000
0.669576	1.081531	4.680895	1.000000
5.501286	2.589593	1.061455	1.000000
1.546732	5.482998	2.015382	1.000000
5.589585	3.919521	3.386237	1.000000
3.045407	4.023050	0.483199	1.000000
0.217778	4.069286	4.298233	1.000000
3.252112	3.191301	5.076322	1.000000
1.907409	4.930046	0.573797	1.000000
4.122805	3.487184	4.543597	1.000000
1.556848	2.788070	1.434232	1.000000
1.104588	4.179562	4.889447	1.000000
1.199832	4.793372	2.785538	1.000000
4.055576	3.833612	0.396198	1.000000
3.621031	4.527404	5.526971	1.000000
0.871284	2.878834	0.372563	1.000000
3.647205	2.342077	1.535863	1.000000
0.612145	0.318503	2.633539	1.000000
4.267863	1.699702	2.088520	1.000000
0.736641	3.877912	0.759373	1.000000
4.626967	3.231492	3.679687	1.000000
4.473836	5.069544	5.617547	1.000000
5.508214	0.804610	5.071484	1.000000
3.961189	3.358923	1.312472	1.000000
0.235766	4.007682	5.385252	1.000000
5.042090	2.331318	3.955439	1.000000
1.845479	2.065900	3.922295	1.000000
1.683881	0.250559	1.160716	1.000000
4.661319	3.015558	0.670626	1.000000
1.871385	3.992612	3.106785	1.000000
4.959513	4.273439	0.227491	1.000000
4.645322	1.517540	4.447694	1.000000
5.699249	5.163050	2.900525	1.000000
4.769527	1.753681	1.113814	1.000000
4.304841	5.455787	1.727941	1.000000
1.799503	0.965624	2.051778	1.000000
5.119132	4.379206	4.871525	1.000000
0.866263	3.594344	3.376707	1.000000
0.949100	3.467732	2.378806	1.000000
0.744446	2.219817	1.133412	1.000000
1.903234	2.696663	5.119203	1.000000
2.625225	2.284677	3.190588	1.000000
2.587561	1.239445	4.386639	1.000000
