172
0.000000 5.737072
0.000000 5.737072
0.000000 5.737072
4.086078	4.650609	3.888741	1.000000
3.992016	1.009891	0.442793	1.000000
2.218826	4.473870	3.592353	1.000000
2.181797	2.518633	2.464186	1.000000
0.395133	1.019187	1.500766	1.000000
2.616355	1.358126	3.360039	1.000000
1.901364	4.406420	4.652000	1.000000
2.022839	3.529491	4.158337	1.000000
1.638719	1.628561	2.820457	1.000000
0.795573	2.205039	5.075718	1.000000
0.859610	3.647244	3.323025	1.000000
0.629752	0.427756	4.405497	1.000000
2.495264	2.543060	4.534404	1.000000
5.133113	3.827166	1.703970	1.000000
3.206049	3.376284	0.070433	1.000000
1.898858	0.448286	0.358596	1.000000
2.364140	4.360834	0.217889	1.000000
1.166749	1.203230	4.799421	1.000000
1.907687	4.022252	1.049623	1.000000
2.142854	0.078723	5.051535	1.000000
3.628912	3.376016	2.416708	1.000000
0.019741	2.766220	0.842950	1.000000
2.930001	1.601389	4.278493	1.000000
0.162610	2.951087	5.525341	1.000000
0.433365	2.185276	3.478256	1.000000
2.506598	4.699271	1.551277	1.000000
5.074239	0.335192	3.095191	1.000000
4.798101	2.274976	0.852192	1.000000
4.538166	5.565052	4.240208	1.000000
3.982950	0.486662	2.477078	1.000000
1.375239	4.668941	1.835449	1.000000
0.253814	4.538435	1.463987	1.000000
2.428082	1.735863	1.482706	1.000000
3.942182	0.092479	5.105128	1.000000
4.619925	3.136841	2.881844	1.000000
1.767674	3.251994	3.055308	1.000000
4.735479	5.638575	0.235331	1.000000
3.938173	5.440311	3.225376	1.000000
3.183456	5.573433	1.520579	1.000000
2.349461	1.423607	0.532551	1.000000
0.519846	4.758742	4.444894	1.000000
4.242139	1.952365	5.553539	1.000000
5.505823	1.793666	1.373930	1.000000
0.998948	4.599841	0.777533	1.000000
5.703809	0.322700	5.735444	1.000000
4.959234	1.142116	0.098028	1.000000
4.065403	3.897154	0.060696	1.000000
4.376455	5.701705	1.178234	1.000000
0.476456	3.508839	1.482976	1.000000
3.391931	5.322895	4.171114	1.000000
5.097871	0.289574	1.852368	1.000000
5.535967	5.312689	5.088074	1.000000
2.557976	5.348492	0.434605	1.000000
2.123207	4.442716	2.477396	1.000000
2.081335	5.417476	2.184238	1.000000
1.374642	1.341805	0.058194	1.000000
1.801556	0.359009	2.908982	1.000000
1.915135	0.933595	2.038958	1.000000
4.229846	4.788610	5.072070	1.000000
3.846335	1.087680	4.884755	1.000000
4.262039	2.476547	1.796387	1.000000
4.987745	4.856988	1.376059	1.000000
5.213659	2.824430	1.792394	1.000000
0.071797	3.963498	4.003414	1.000000
3.574403	0.901559	1.408950	1.000000
3.488764	1.790086	0.938076	1.000000
0.524525	2.476808	1.784443	1.000000
5.095685	4.431726	5.468858	1.000000
1.260932	5.358636	4.784466	1.000000
4.771071	1.501346	4.834530	1.000000
4.046352	1.821402	4.064890	1.000000
3.033767	5.588249	2.658610	1.000000
1.107588	2.598051	2.681707	1.000000
2.885120	0.405076	4.456829	1.000000
1.707464	1.802719	4.159780	1.000000
0.325694	3.922068	5.220778	1.000000
3.797807	0.496232	4.023370	1.000000
4.276352	2.776080	4.944420	1.000000
2.898066	2.468154	0.475251	1.000000
3.199567	4.155489	4.064479	1.000000
0.725853	1.520939	2.402252	1.000000
5.566504	5.453584	4.089810	1.000000
5.180757	2.013196	3.870723	1.000000
3.155922	1.548488	5.671665	1.000000
3.651533	3.378006	3.605663	1.000000
3.559842	0.110275	0.582772	1.000000
4.893217	0.422645	4.974653	1.000000
4.941216	3.194298	0.087045	1.000000
2.147966	5.316613	4.160443	1.000000
1.558968	3.093693	4.933429	1.000000
5.402660	5.008507	2.329654	1.000000
1.121041	0.419836	5.422267	1.000000
4.412791	3.334925	1.163532	1.000000
5.484511	3.952014	2.934571	1.000000
4.260198	3.693515	4.482321	1.000000
3.272348	3.246751	4.584542	1.000000
1.451185	2.035494	1.888140	1.000000
0.723557	5.192055	5.714768	1.000000
0.042616	1.236472	3.257055	1.000000
3.487026	4.818433	0.233910	1.000000
1.297067	3.901296	5.581148	1.000000
5.541037	4.878638	0.536712	1.000000
0.600273	4.291713	2.443901	1.000000
5.670856	1.886853	0.036632	1.000000
4.493378	1.318315	1.296398	1.000000
3.276900	2.177341	1.945380	1.000000
1.339335	2.949788	1.388799	1.000000
4.698816	3.888030	3.565078	1.000000
1.080675	4.620734	3.558842	1.000000
5.192501	1.324425	2.324462	1.000000
4.618063	1.349959	3.165020	1.000000
0.345670	0.521449	2.427571	1.000000
5.186499	3.460426	4.785837	1.000000
1.442094	1.066544	1.115561	1.000000
0.721701	1.986587	0.796181	1.000000
4.917819	4.095083	0.659893	1.000000
2.005637	3.294007	0.351605	1.000000
5.645448	3.073480	3.490314	1.000000
5.066347	4.632417	4.430023	1.000000
0.338398	0.258184	3.401563	1.000000
4.443692	5.321766	2.207678	1.000000
3.393202	4.500039	3.079980	1.000000
3.460344	3.005395	1.296353	1.000000
2.738975	3.611265	2.977787	1.000000
3.057581	2.246693	2.940257	1.000000
1.221719	5.610613	3.699984	1.000000
1.758985	2.219123	0.704619	1.000000
0.404300	2.995747	4.491200	1.000000
5.699828	1.059105	5.005623	1.000000
2.674381	0.294717	3.480497	1.000000
1.202952	0.069970	1.871928	1.000000
0.450494	1.058596	0.502125	1.000000
5.312320	0.736057	0.956414	1.000000
5.335531	0.798217	4.051078	1.000000
1.778266	5.225691	1.062099	1.000000
4.535995	2.808915	3.911910	1.000000
3.342055	2.449385	5.228232	1.000000
0.975721	0.138799	0.675561	1.000000
2.358264	2.824376	1.293185	1.000000
2.909388	0.928743	2.212045	1.000000
1.302714	3.606351	2.172342	1.000000
1.274940	5.181206	2.750768	1.000000
3.097402	5.279312	5.153762	1.000000
3.207042	4.185705	5.087103	1.000000
1.746992	5.099872	5.630886	1.000000
2.914808	3.844918	1.089518	1.000000
1.029678	3.776703	4.425255	1.000000
0.303593	3.167442	2.482343	1.000000
2.277711	3.583944	1.945010	1.000000
4.888883	5.065798	3.310126	1.000000
0.129925	4.872002	3.224430	1.000000
1.036568	3.001452	0.305464	1.000000
2.889006	0.529480	5.704552	1.000000
2.209681	2.430212	3.502796	1.000000
5.231337	2.412635	5.009333	1.000000
1.926638	0.631208	4.074186	1.000000
2.452060	0.666160	1.227728	1.000000
3.286096	2.491900	3.909843	1.000000
5.637198	2.210889	2.587686	1.000000
0.275177	5.717867	1.471408	1.000000
1.065998	1.098609	3.490947	1.000000
4.061164	2.177595	3.014293	1.000000
4.658178	4.337095	2.496115	1.000000
3.607032	1.200893	3.305971	1.000000
4.036693	1.552127	2.168477	1.000000
0.425419	3.819347	0.524395	1.000000
3.820703	4.298252	1.059939	1.000000
2.155536	2.148200	5.451005	1.000000
4.039965	2.811691	0.314111	1.000000
1.279107	2.700278	3.792981	1.000000
3.333876	4.423124	2.074761	1.000000
2.259298	1.131359	4.875436	1.000000
